	0.95	1.70	1.65	1.54	1.40	0.59	0.44	0.27	0.12	-0.01	-0.23	-1.08	-1.10	-1.07	-1.19	-1.16
	0.80	1.64	1.60	1.48	1.36	0.48	0.33	0.14	-0.01	-0.15	-0.38	-0.91	-0.93	-0.90	-1.03	-1.00
	0.66	1.50	1.47	1.34	1.24	0.40	0.24	-0.00	-0.13	-0.30	-0.53	-0.84	-0.86	-0.83	-0.95	-0.92
	0.64	1.33	1.31	1.19	1.06	0.23	0.06	-0.22	-0.32	-0.49	-0.71	-0.86	-0.89	-0.85	-0.95	-0.94
	0.64	1.18	1.25	1.14	1.00	0.17	-0.01	-0.32	-0.40	-0.57	-0.80	-0.86	-0.90	-0.85	-0.95	-0.95
	0.71	1.42	1.44	1.31	1.13	0.28	0.10	-0.23	-0.31	-0.48	-0.70	-0.74	-0.77	-0.73	-0.81	-0.82
	0.90	1.45	1.46	1.33	1.12	0.27	0.07	-0.27	-0.31	-0.47	-0.68	-0.68	-0.69	-0.64	-0.69	-0.71
	0.96	1.48	1.47	1.31	1.09	0.29	0.08	-0.26	-0.29	-0.42	-0.62	-0.62	-0.62	-0.56	-0.58	-0.61
	0.94	1.51	1.46	1.29	1.05	0.31	0.08	-0.26	-0.25	-0.35	-0.55	-0.56	-0.56	-0.51	-0.49	-0.53
	0.95	1.52	1.45	1.27	1.02	0.34	0.10	-0.22	-0.19	-0.26	-0.46	-0.49	-0.49	-0.43	-0.39	-0.43
	0.87	1.51	1.44	1.23	1.00	0.39	0.14	-0.14	-0.09	-0.13	-0.33	-0.38	-0.38	-0.33	-0.29	-0.33
	0.93	1.52	1.45	1.23	1.03	0.47	0.21	-0.03	0.01	-0.02	-0.20	-0.25	-0.25	-0.21	-0.18	-0.22
	1.00	1.52	1.48	1.23	1.06	0.55	0.27	0.07	0.08	0.09	-0.08	-0.12	-0.11	-0.11	-0.07	-0.11
	0.97	1.51	1.49	1.25	1.11	0.64	0.35	0.19	0.17	0.20	0.03	0.04	0.03	0.01	0.06	0.04
	0.90	1.50	1.49	1.26	1.13	0.68	0.38	0.25	0.20	0.23	0.07	0.17	0.16	0.15	0.20	0.19
	0.90	1.47	1.47	1.26	1.14	0.63	0.35	0.26	0.17	0.22	0.07	0.31	0.32	0.31	0.37	0.37
	0.88	1.42	1.43	1.21	1.10	0.54	0.28	0.24	0.15	0.21	0.07	0.48	0.51	0.50	0.58	0.58
	0.86	1.36	1.39	1.15	1.06	0.46	0.24	0.24	0.17	0.24	0.12	0.68	0.72	0.70	0.81	0.79
	0.87	1.32	1.38	1.13	1.05	0.46	0.29	0.32	0.26	0.34	0.23	0.92	0.97	0.94	1.05	1.02
	0.93	1.30	1.39	1.15	1.08	0.62	0.49	0.53	0.46	0.56	0.48	1.24	1.29	1.25	1.36	1.31
	0.97	1.28	1.40	1.16	1.10	0.77	0.66	0.70	0.64	0.77	0.71	1.51	1.57	1.50	1.60	1.53
	1.06	1.29	1.43	1.18	1.15	1.00	0.91	0.93	0.86	1.00	0.98	1.75	1.82	1.75	1.85	1.77
	1.12	1.31	1.45	1.19	1.21	1.25	1.18	1.18	1.11	1.27	1.27	1.96	2.02	1.96	2.05	1.98
	1.10	1.33	1.45	1.20	1.27	1.46	1.41	1.40	1.35	1.50	1.52	2.13	2.17	2.13	2.22	2.17
	0.93	1.35	1.44	1.22	1.33	1.70	1.65	1.62	1.60	1.75	1.78	2.32	2.33	2.32	2.40	2.38
	0.64	1.35	1.42	1.24	1.39	1.88	1.80	1.78	1.78	1.92	1.95	2.45	2.45	2.44	2.51	2.51
	0.42	1.35	1.40	1.30	1.50	2.06	1.95	1.94	1.95	2.06	2.09	2.56	2.56	2.54	2.61	2.62
	0.36	1.37	1.42	1.36	1.60	2.19	2.07	2.09	2.10	2.18	2.20	2.66	2.67	2.65	2.71	2.73
	0.35	1.37	1.44	1.39	1.64	2.25	2.12	2.17	2.17	2.21	2.23	2.67	2.68	2.66	2.72	2.73
	0.39	1.36	1.43	1.41	1.66	2.27	2.15	2.24	2.23	2.24	2.25	2.66	2.65	2.63	2.68	2.70
	0.47	1.33	1.41	1.38	1.63	2.23	2.14	2.23	2.24	2.23	2.22	2.58	2.57	2.56	2.60	2.61
	0.57	1.31	1.39	1.34	1.58	2.17	2.12	2.23	2.24	2.23	2.19	2.49	2.47	2.46	2.49	2.50
	0.56	1.28	1.39	1.32	1.55	2.17	2.17	2.27	2.26	2.27	2.20	2.41	2.39	2.38	2.40	2.41
	0.46	1.25	1.40	1.32	1.54	2.20	2.22	2.31	2.28	2.29	2.19	2.31	2.30	2.30	2.33	2.33
	0.29	1.23	1.41	1.34	1.53	2.20	2.23	2.32	2.25	2.25	2.13	2.18	2.18	2.20	2.23	2.23
	0.18	1.22	1.44	1.39	1.55	2.21	2.23	2.30	2.20	2.22	2.08	2.06	2.10	2.12	2.16	2.16
	0.14	1.21	1.46	1.43	1.56	2.18	2.22	2.27	2.15	2.16	2.01	1.98	2.02	2.04	2.09	2.10
	0.07	1.21	1.48	1.47	1.57	2.17	2.18	2.21	2.09	2.11	1.96	1.94	1.98	2.01	2.05	2.06
	0.14	1.23	1.51	1.53	1.59	2.11	2.09	2.10	1.98	2.01	1.87	1.91	1.94	1.95	1.99	1.99
	0.32	1.26	1.55	1.60	1.60	2.01	1.96	1.99	1.88	1.93	1.81	1.93	1.95	1.94	1.96	1.95
	0.50	1.29	1.58	1.65	1.63	1.87	1.81	1.86	1.77	1.83	1.75	1.96	1.97	1.97	1.96	1.95
	0.72	1.35	1.61	1.71	1.67	1.79	1.73	1.77	1.67	1.74	1.70	2.01	2.03	2.02	1.99	1.97
	0.95	1.43	1.65	1.76	1.70	1.76	1.72	1.75	1.64	1.69	1.69	2.07	2.08	2.06	2.02	2.01
	1.04	1.51	1.68	1.78	1.69	1.73	1.72	1.73	1.61	1.66	1.68	2.08	2.08	2.06	2.02	2.02
	1.07	1.59	1.70	1.79	1.67	1.70	1.71	1.71	1.58	1.65	1.65	2.06	2.04	2.00	1.96	1.96
	1.05	1.64	1.74	1.78	1.65	1.70	1.75	1.71	1.58	1.65	1.64	2.02	1.97	1.91	1.88	1.88
	1.06	1.68	1.76	1.77	1.62	1.67	1.74	1.67	1.52	1.60	1.59	1.92	1.85	1.76	1.73	1.72
	1.03	1.72	1.80	1.77	1.62	1.63	1.68	1.60	1.44	1.53	1.52	1.79	1.71	1.60	1.57	1.54
	0.90	1.74	1.84	1.78	1.61	1.54	1.59	1.51	1.36	1.47	1.46	1.66	1.57	1.45	1.41	1.37
	0.76	1.76	1.89	1.81	1.62	1.50	1.54	1.44	1.31	1.44	1.41	1.55	1.45	1.31	1.27	1.22
	0.70	1.80	1.93	1.84	1.64	1.53	1.57	1.47	1.36	1.51	1.44	1.51	1.39	1.25	1.20	1.14
	0.59	1.82	1.98	1.87	1.67	1.56	1.62	1.50	1.42	1.57	1.46	1.46	1.35	1.21	1.15	1.09
	0.49	1.84	2.00	1.88	1.67	1.54	1.59	1.47	1.41	1.55	1.41	1.33	1.24	1.10	1.04	0.99
	0.51	1.87	2.03	1.88	1.68	1.48	1.53	1.38	1.33	1.44	1.30	1.16	1.09	0.97	0.91	0.87
	0.57	1.89	2.04	1.89	1.68	1.38	1.42	1.25	1.19	1.29	1.18	0.98	0.93	0.83	0.79	0.74
	0.66	1.91	2.03	1.89	1.66	1.23	1.25	1.06	1.02	1.12	1.05	0.78	0.75	0.64	0.62	0.57
	0.73	1.93	1.99	1.85	1.57	1.02	1.03	0.87	0.84	0.95	0.90	0.58	0.56	0.44	0.43	0.37
	0.67	1.93	1.92	1.76	1.47	0.84	0.85	0.73	0.70	0.82	0.78	0.42	0.41	0.29	0.28	0.21
	0.57	1.92	1.85	1.68	1.42	0.75	0.77	0.69	0.67	0.77	0.74	0.36	0.37	0.23	0.20	0.14
	0.53	1.88	1.77	1.60	1.39	0.71	0.72	0.70	0.68	0.76	0.73	0.34	0.34	0.19	0.14	0.08
	0.43	1.83	1.70	1.54	1.41	0.71	0.71	0.74	0.72	0.78	0.75	0.34	0.33	0.18	0.10	0.06
	0.35	1.78	1.66	1.50	1.42	0.71	0.67	0.74	0.74	0.76	0.71	0.31	0.30	0.14	0.06	0.03
	0.43	1.75	1.65	1.49	1.43	0.72	0.67	0.75	0.75	0.75	0.67	0.28	0.28	0.12	0.04	0.03
	0.59	1.75	1.67	1.49	1.44	0.75	0.69	0.74	0.73	0.71	0.60	0.23	0.24	0.10	0.02	0.04
	0.68	1.76	1.69	1.49	1.44	0.73	0.66	0.67	0.64	0.63	0.50	0.17	0.20	0.09	0.03	0.07
	0.83	1.77	1.68	1.48	1.42	0.71	0.62	0.58	0.54	0.54	0.41	0.09	0.14	0.08	0.03	0.08
	1.05	1.76	1.67	1.48	1.41	0.68	0.58	0.49	0.45	0.47	0.35	0.05	0.11	0.10	0.06	0.11
	1.27	1.77	1.66	1.47	1.40	0.70	0.59	0.47	0.43	0.45	0.36	0.09	0.15	0.20	0.17	0.24
	1.40	1.78	1.64	1.49	1.41	0.80	0.68	0.55	0.50	0.53	0.46	0.26	0.32	0.42	0.42	0.49
	1.42	1.78	1.64	1.52	1.44	0.92	0.83	0.69	0.67	0.70	0.67	0.54	0.61	0.76	0.77	0.85
	1.28	1.78	1.65	1.57	1.52	1.11	1.06	0.93	0.91	0.94	0.97	0.92	0.99	1.18	1.21	1.30
	0.99	1.81	1.69	1.65	1.63	1.33	1.31	1.19	1.18	1.22	1.30	1.34	1.41	1.64	1.66	1.76
	0.73	1.84	1.74	1.74	1.77	1.54	1.54	1.44	1.46	1.51	1.64	1.75	1.81	2.07	2.10	2.19
	0.65	1.89	1.82	1.86	1.92	1.71	1.74	1.67	1.72	1.78	1.96	2.11	2.18	2.45	2.49	2.58
	0.74	1.95	1.89	1.98	2.05	1.88	1.95	1.92	2.01	2.09	2.32	2.46	2.52	2.79	2.85	2.93
	0.83	1.97	1.91	2.05	2.15	2.05	2.15	2.19	2.33	2.41	2.68	2.77	2.82	3.07	3.13	3.20
	0.99	1.98	1.92	2.11	2.23	2.26	2.40	2.49	2.66	2.75	3.04	3.03	3.06	3.27	3.33	3.40
	1.29	2.00	1.94	2.19	2.35	2.52	2.66	2.79	2.97	3.02	3.33	3.22	3.23	3.40	3.45	3.51
	1.62	2.01	1.98	2.31	2.50	2.83	2.95	3.11	3.27	3.31	3.61	3.39	3.38	3.50	3.53	3.59
	1.97	2.02	2.03	2.43	2.68	3.13	3.20	3.36	3.48	3.50	3.78	3.46	3.43	3.50	3.51	3.57
	2.32	2.03	2.08	2.55	2.85	3.39	3.43	3.56	3.63	3.63	3.89	3.48	3.44	3.46	3.46	3.52
	2.58	2.03	2.11	2.63	2.95	3.51	3.53	3.63	3.65	3.64	3.87	3.52	3.47	3.46	3.45	3.52
	2.78	2.03	2.11	2.66	2.99	3.48	3.48	3.56	3.54	3.53	3.73	3.48	3.42	3.40	3.39	3.47
	2.92	2.02	2.09	2.65	2.96	3.32	3.30	3.36	3.33	3.31	3.48	3.35	3.32	3.31	3.31	3.41
	2.88	1.99	2.04	2.59	2.88	3.12	3.11	3.16	3.13	3.10	3.24	3.22	3.23	3.24	3.24	3.35
	2.80	1.98	2.00	2.54	2.80	2.96	2.97	2.99	2.95	2.91	3.03	3.11	3.15	3.19	3.20	3.31
	2.63	1.98	1.99	2.49	2.71	2.82	2.86	2.85	2.81	2.77	2.87	3.02	3.08	3.15	3.17	3.27
	2.44	2.01	2.01	2.45	2.62	2.72	2.80	2.76	2.72	2.70	2.80	2.98	3.06	3.14	3.16	3.24
	2.27	2.04	2.03	2.41	2.56	2.71	2.83	2.78	2.73	2.75	2.83	3.02	3.10	3.16	3.16	3.22
	2.10	2.06	2.06	2.38	2.51	2.74	2.89	2.85	2.78	2.84	2.89	3.07	3.13	3.17	3.15	3.18
	1.98	2.08	2.09	2.36	2.50	2.79	2.96	2.93	2.87	2.95	2.97	3.15	3.18	3.20	3.15	3.16
	1.89	2.08	2.13	2.37	2.52	2.85	3.04	3.01	2.94	3.03	3.03	3.21	3.22	3.22	3.13	3.12
	1.90	2.09	2.18	2.41	2.58	2.95	3.15	3.11	3.03	3.10	3.09	3.28	3.26	3.24	3.13	3.11
	2.04	2.12	2.24	2.48	2.68	3.07	3.27	3.23	3.11	3.16	3.13	3.32	3.27	3.21	3.11	3.08
	2.18	2.15	2.28	2.52	2.71	3.13	3.30	3.25	3.11	3.12	3.08	3.28	3.19	3.10	3.00	2.97
	2.32	2.16	2.30	2.53	2.70	3.11	3.26	3.21	3.05	3.02	2.97	3.14	3.04	2.91	2.81	2.78
	2.57	2.18	2.30	2.54	2.66	3.02	3.14	3.10	2.93	2.87	2.81	2.94	2.82	2.67	2.55	2.53
	2.77	2.22	2.31	2.53	2.57	2.83	2.92	2.90	2.73	2.63	2.60	2.68	2.55	2.40	2.27	2.24
	2.86	2.24	2.30	2.49	2.43	2.61	2.66	2.65	2.49	2.38	2.35	2.41	2.28	2.14	2.01	1.97
	2.78	2.24	2.28	2.41	2.26	2.39	2.41	2.40	2.25	2.14	2.13	2.15	2.03	1.92	1.79	1.75
	2.58	2.21	2.23	2.29	2.06	2.15	2.12	2.12	2.00	1.90	1.90	1.88	1.78	1.69	1.57	1.52
	2.48	2.20	2.20	2.20	1.92	1.93	1.86	1.86	1.79	1.70	1.71	1.66	1.56	1.50	1.38	1.34
	2.43	2.17	2.16	2.11	1.80	1.77	1.66	1.66	1.63	1.54	1.55	1.50	1.39	1.36	1.23	1.20
	2.38	2.13	2.13	2.04	1.74	1.72	1.57	1.58	1.57	1.48	1.48	1.46	1.34	1.34	1.19	1.19
	2.28	2.10	2.10	2.00	1.72	1.72	1.56	1.55	1.54	1.46	1.44	1.44	1.33	1.35	1.20	1.22
	2.09	2.06	2.08	1.99	1.77	1.80	1.62	1.59	1.55	1.47	1.43	1.45	1.34	1.38	1.24	1.27
	1.87	2.02	2.07	2.01	1.86	1.88	1.66	1.60	1.53	1.46	1.38	1.42	1.33	1.38	1.24	1.28
	1.74	2.01	2.06	2.04	1.96	1.92	1.68	1.58	1.53	1.48	1.37	1.43	1.35	1.39	1.27	1.31
	1.67	2.02	2.05	2.06	2.03	1.96	1.70	1.58	1.56	1.51	1.39	1.46	1.41	1.44	1.32	1.36
	1.62	2.04	2.05	2.05	2.06	1.97	1.72	1.58	1.58	1.53	1.40	1.48	1.46	1.50	1.39	1.43
	1.42	2.05	2.03	2.05	2.07	1.90	1.66	1.51	1.55	1.48	1.36	1.45	1.45	1.51	1.42	1.45
	1.21	2.05	2.01	2.03	2.05	1.84	1.60	1.47	1.54	1.46	1.36	1.45	1.48	1.55	1.48	1.50
	1.03	2.04	1.99	2.01	2.03	1.78	1.56	1.46	1.55	1.46	1.38	1.48	1.53	1.60	1.55	1.56
	0.87	2.03	1.98	2.01	2.01	1.73	1.53	1.46	1.58	1.50	1.44	1.57	1.62	1.69	1.66	1.66
	0.79	2.02	1.99	2.02	2.01	1.70	1.51	1.49	1.62	1.56	1.51	1.66	1.73	1.78	1.76	1.75
	0.67	2.03	2.02	2.04	2.03	1.68	1.51	1.54	1.68	1.63	1.58	1.75	1.82	1.86	1.83	1.82
	0.51	2.04	2.05	2.06	2.07	1.69	1.53	1.59	1.75	1.72	1.66	1.83	1.89	1.91	1.90	1.88
	0.37	2.04	2.07	2.11	2.14	1.77	1.61	1.70	1.87	1.87	1.80	1.93	1.99	2.01	1.99	1.99
	0.34	2.02	2.09	2.17	2.23	1.93	1.76	1.88	2.05	2.06	1.99	2.08	2.14	2.15	2.13	2.13
	0.38	2.01	2.09	2.24	2.32	2.13	1.98	2.11	2.26	2.28	2.21	2.23	2.30	2.32	2.28	2.27
	0.50	2.00	2.09	2.31	2.43	2.39	2.23	2.35	2.47	2.50	2.42	2.38	2.45	2.46	2.42	2.43
	0.67	1.98	2.08	2.36	2.51	2.60	2.44	2.52	2.61	2.65	2.55	2.50	2.59	2.59	2.56	2.58
	0.91	1.98	2.08	2.40	2.57	2.78	2.62	2.66	2.71	2.74	2.62	2.62	2.71	2.70	2.69	2.73
	1.21	2.00	2.12	2.44	2.64	2.94	2.76	2.76	2.77	2.77	2.66	2.73	2.83	2.82	2.84	2.90
	1.51	2.02	2.16	2.46	2.69	2.99	2.81	2.76	2.75	2.73	2.62	2.80	2.92	2.94	2.99	3.08
	1.73	2.04	2.21	2.49	2.73	3.00	2.82	2.74	2.71	2.67	2.58	2.94	3.07	3.10	3.17	3.30
	1.88	2.06	2.26	2.50	2.75	2.99	2.82	2.73	2.69	2.67	2.61	3.17	3.31	3.36	3.43	3.58
	2.12	2.10	2.30	2.48	2.73	2.94	2.81	2.73	2.72	2.74	2.72	3.46	3.60	3.66	3.71	3.88
	2.38	2.14	2.35	2.49	2.73	2.95	2.89	2.84	2.85	2.93	2.96	3.85	3.98	4.04	4.08	4.25
	2.48	2.17	2.39	2.50	2.73	3.00	3.04	3.00	3.02	3.15	3.22	4.21	4.33	4.38	4.39	4.57
	2.55	2.22	2.43	2.52	2.75	3.08	3.20	3.20	3.23	3.39	3.50	4.53	4.62	4.66	4.65	4.82
	2.51	2.26	2.48	2.58	2.82	3.21	3.40	3.43	3.48	3.66	3.80	4.80	4.86	4.90	4.87	5.02
	2.50	2.30	2.56	2.70	2.95	3.42	3.63	3.70	3.76	3.96	4.12	5.06	5.08	5.12	5.05	5.16
	2.49	2.34	2.63	2.80	3.07	3.56	3.79	3.91	3.98	4.19	4.34	5.18	5.17	5.20	5.10	5.16
	2.57	2.38	2.70	2.89	3.14	3.66	3.88	4.05	4.13	4.33	4.46	5.19	5.14	5.16	5.02	5.03
	2.70	2.41	2.77	2.99	3.20	3.71	3.93	4.13	4.22	4.40	4.49	5.10	5.03	4.99	4.82	4.79
	2.87	2.44	2.82	3.07	3.25	3.75	3.96	4.16	4.25	4.39	4.42	4.94	4.83	4.73	4.53	4.47
	3.04	2.45	2.86	3.13	3.29	3.75	3.92	4.11	4.18	4.28	4.25	4.67	4.53	4.37	4.15	4.09
	3.14	2.45	2.87	3.15	3.30	3.69	3.80	3.95	4.01	4.03	3.95	4.28	4.10	3.90	3.66	3.59
	3.16	2.43	2.85	3.13	3.28	3.58	3.60	3.71	3.74	3.69	3.55	3.79	3.60	3.36	3.11	3.05
	3.18	2.41	2.80	3.07	3.20	3.34	3.28	3.34	3.34	3.24	3.06	3.21	3.00	2.74	2.49	2.43
	3.03	2.35	2.70	2.94	3.04	3.01	2.90	2.91	2.87	2.73	2.53	2.61	2.39	2.13	1.90	1.84
	2.73	2.26	2.59	2.78	2.83	2.66	2.51	2.47	2.38	2.23	2.01	2.05	1.83	1.58	1.37	1.31
	2.19	2.16	2.45	2.59	2.60	2.32	2.15	2.07	1.92	1.77	1.58	1.58	1.37	1.13	0.93	0.88
	1.62	2.04	2.30	2.39	2.35	1.99	1.81	1.72	1.51	1.38	1.23	1.21	1.02	0.78	0.60	0.54
	1.15	1.93	2.15	2.20	2.12	1.69	1.50	1.39	1.16	1.06	0.95	0.94	0.76	0.52	0.34	0.28
	0.82	1.85	2.03	2.02	1.92	1.40	1.21	1.11	0.88	0.79	0.72	0.74	0.58	0.34	0.16	0.09
	0.51	1.77	1.92	1.87	1.75	1.14	0.96	0.85	0.64	0.56	0.52	0.59	0.43	0.20	0.02	-0.05
	0.31	1.70	1.82	1.74	1.66	0.95	0.79	0.67	0.49	0.43	0.41	0.53	0.37	0.15	-0.02	-0.09
	0.10	1.62	1.71	1.59	1.55	0.80	0.67	0.56	0.42	0.36	0.36	0.52	0.37	0.18	-0.00	-0.05
	-0.08	1.56	1.61	1.45	1.44	0.72	0.66	0.57	0.45	0.38	0.38	0.55	0.42	0.24	0.05	0.00
	-0.19	1.54	1.54	1.36	1.36	0.68	0.68	0.60	0.47	0.37	0.37	0.56	0.43	0.27	0.07	0.04
	-0.16	1.53	1.49	1.32	1.31	0.67	0.70	0.64	0.48	0.36	0.36	0.57	0.44	0.31	0.11	0.08
	-0.08	1.54	1.44	1.30	1.27	0.64	0.70	0.64	0.45	0.31	0.31	0.54	0.41	0.30	0.09	0.07
	0.03	1.55	1.43	1.30	1.26	0.61	0.68	0.64	0.43	0.27	0.26	0.51	0.37	0.27	0.05	0.04
	0.19	1.58	1.44	1.33	1.27	0.55	0.61	0.59	0.36	0.20	0.17	0.45	0.28	0.20	-0.01	-0.03
	0.30	1.60	1.46	1.34	1.24	0.44	0.49	0.48	0.25	0.10	0.05	0.36	0.19	0.09	-0.09	-0.11
	0.35	1.60	1.45	1.32	1.20	0.30	0.32	0.31	0.12	-0.01	-0.08	0.25	0.08	-0.02	-0.18	-0.20
	0.29	1.56	1.42	1.27	1.11	0.14	0.14	0.15	-0.03	-0.11	-0.20	0.12	-0.04	-0.15	-0.28	-0.31
	0.22	1.50	1.37	1.17	0.97	0.02	0.03	0.02	-0.14	-0.18	-0.29	-0.01	-0.16	-0.29	-0.40	-0.43
	0.18	1.42	1.31	1.08	0.84	0.01	0.01	-0.03	-0.19	-0.22	-0.34	-0.13	-0.26	-0.40	-0.52	-0.54
	0.12	1.34	1.24	0.99	0.73	0.03	-0.01	-0.07	-0.22	-0.25	-0.41	-0.26	-0.38	-0.51	-0.65	-0.68
	0.14	1.29	1.20	0.93	0.67	0.11	0.01	-0.08	-0.22	-0.28	-0.45	-0.37	-0.46	-0.61	-0.76	-0.80
	0.14	1.24	1.18	0.92	0.64	0.20	0.06	-0.07	-0.20	-0.31	-0.49	-0.49	-0.56	-0.68	-0.84	-0.90
	0.06	1.20	1.16	0.90	0.59	0.23	0.04	-0.12	-0.25	-0.39	-0.57	-0.61	-0.68	-0.77	-0.94	-1.01
	0.01	1.19	1.14	0.88	0.55	0.24	0.02	-0.20	-0.33	-0.48	-0.65	-0.69	-0.76	-0.83	-1.00	-1.07
	0.00	1.20	1.16	0.88	0.56	0.27	0.03	-0.24	-0.38	-0.55	-0.69	-0.72	-0.78	-0.85	-1.01	-1.08
	-0.08	1.22	1.17	0.89	0.59	0.24	-0.02	-0.32	-0.47	-0.63	-0.77	-0.77	-0.82	-0.89	-1.02	-1.09
	-0.24	1.25	1.16	0.88	0.59	0.19	-0.07	-0.41	-0.53	-0.66	-0.80	-0.77	-0.81	-0.86	-0.96	-1.02
	-0.56	1.26	1.17	0.88	0.57	0.13	-0.12	-0.48	-0.56	-0.65	-0.78	-0.73	-0.73	-0.78	-0.86	-0.91
	-0.97	1.23	1.17	0.89	0.53	0.03	-0.18	-0.49	-0.53	-0.58	-0.71	-0.66	-0.65	-0.71	-0.77	-0.81
	-1.31	1.21	1.21	0.97	0.57	0.03	-0.13	-0.40	-0.41	-0.42	-0.54	-0.54	-0.52	-0.59	-0.66	-0.70
	-1.42	1.22	1.28	1.06	0.64	0.09	-0.04	-0.25	-0.25	-0.23	-0.34	-0.41	-0.41	-0.49	-0.55	-0.60
	-1.25	1.25	1.34	1.15	0.73	0.19	0.07	-0.07	-0.08	-0.04	-0.15	-0.30	-0.32	-0.40	-0.45	-0.51
	-1.01	1.29	1.40	1.24	0.85	0.30	0.18	0.09	0.06	0.10	0.00	-0.21	-0.25	-0.33	-0.37	-0.44
	-0.70	1.35	1.47	1.33	0.99	0.40	0.28	0.22	0.17	0.20	0.11	-0.15	-0.20	-0.27	-0.31	-0.38
	-0.45	1.42	1.54	1.39	1.10	0.47	0.34	0.31	0.24	0.27	0.18	-0.13	-0.18	-0.24	-0.28	-0.32
	-0.27	1.47	1.59	1.42	1.19	0.53	0.42	0.41	0.30	0.33	0.23	-0.11	-0.18	-0.21	-0.23	-0.25
	-0.19	1.51	1.61	1.43	1.22	0.56	0.46	0.45	0.29	0.33	0.22	-0.15	-0.22	-0.21	-0.21	-0.22
	-0.03	1.55	1.64	1.43	1.24	0.55	0.46	0.45	0.27	0.31	0.19	-0.15	-0.22	-0.19	-0.16	-0.15
	0.01	1.58	1.66	1.44	1.24	0.54	0.46	0.47	0.29	0.32	0.19	-0.13	-0.18	-0.15	-0.09	-0.08
	0.11	1.62	1.68	1.46	1.28	0.57	0.50	0.53	0.37	0.39	0.24	-0.05	-0.08	-0.06	0.01	0.02
	0.25	1.68	1.73	1.52	1.35	0.64	0.57	0.60	0.48	0.48	0.32	0.06	0.06	0.06	0.13	0.15
	0.31	1.75	1.79	1.61	1.43	0.75	0.66	0.70	0.61	0.61	0.45	0.18	0.21	0.21	0.26	0.28
	0.36	1.82	1.87	1.75	1.55	0.89	0.79	0.84	0.80	0.80	0.65	0.34	0.38	0.37	0.40	0.42
	0.36	1.87	1.95	1.89	1.66	1.05	0.96	1.02	1.01	1.01	0.86	0.49	0.53	0.53	0.54	0.56
	0.32	1.90	2.01	2.00	1.78	1.25	1.17	1.20	1.20	1.20	1.06	0.60	0.66	0.66	0.65	0.68
	0.38	1.93	2.06	2.11	1.93	1.50	1.43	1.42	1.38	1.39	1.23	0.70	0.77	0.77	0.73	0.77
	0.48	1.97	2.11	2.20	2.03	1.67	1.61	1.57	1.48	1.49	1.33	0.75	0.82	0.81	0.78	0.83
	0.56	2.00	2.14	2.25	2.09	1.82	1.77	1.72	1.59	1.59	1.44	0.82	0.91	0.90	0.87	0.93
	0.59	2.01	2.17	2.25	2.08	1.91	1.87	1.81	1.66	1.67	1.55	0.90	1.00	0.99	0.98	1.04
	0.50	2.00	2.16	2.20	2.00	1.92	1.89	1.83	1.69	1.71	1.60	0.98	1.08	1.07	1.07	1.12
	0.33	1.95	2.11	2.10	1.87	1.83	1.84	1.77	1.67	1.68	1.60	1.01	1.11	1.11	1.11	1.15
	0.15	1.89	2.05	2.00	1.78	1.77	1.83	1.72	1.65	1.65	1.59	1.03	1.12	1.12	1.12	1.15
	0.12	1.85	2.00	1.92	1.75	1.74	1.84	1.70	1.66	1.64	1.59	1.05	1.12	1.11	1.10	1.13
	0.43	1.84	1.99	1.89	1.78	1.76	1.89	1.73	1.71	1.66	1.61	1.09	1.12	1.11	1.10	1.12
	0.92	1.87	2.01	1.89	1.81	1.82	1.98	1.80	1.79	1.72	1.66	1.15	1.15	1.14	1.12	1.14
	1.39	1.91	2.03	1.91	1.87	1.93	2.08	1.90	1.87	1.78	1.71	1.20	1.18	1.18	1.18	1.20
	1.70	1.94	2.05	1.94	1.93	2.00	2.14	1.95	1.90	1.78	1.72	1.21	1.19	1.20	1.21	1.22
	1.73	1.95	2.05	1.96	1.98	1.98	2.09	1.94	1.87	1.72	1.68	1.19	1.17	1.18	1.20	1.22
	1.70	1.93	2.03	1.95	1.98	1.91	2.00	1.90	1.83	1.67	1.63	1.16	1.14	1.15	1.17	1.19
	1.63	1.90	2.01	1.92	1.94	1.85	1.91	1.88	1.82	1.66	1.62	1.17	1.16	1.18	1.18	1.20
	1.55	1.83	1.93	1.83	1.87	1.79	1.82	1.82	1.80	1.65	1.60	1.15	1.17	1.17	1.17	1.18
	1.46	1.76	1.85	1.73	1.78	1.73	1.75	1.76	1.78	1.65	1.58	1.14	1.17	1.15	1.13	1.13
	1.29	1.67	1.75	1.63	1.68	1.68	1.69	1.70	1.74	1.62	1.55	1.11	1.14	1.09	1.06	1.05
	1.14	1.60	1.67	1.55	1.58	1.58	1.59	1.60	1.65	1.55	1.48	1.04	1.06	0.97	0.95	0.93
	0.88	1.53	1.58	1.48	1.47	1.45	1.47	1.47	1.52	1.42	1.35	0.90	0.90	0.79	0.78	0.75
	0.65	1.47	1.51	1.43	1.39	1.35	1.38	1.36	1.39	1.29	1.21	0.74	0.73	0.61	0.60	0.58
	0.49	1.44	1.44	1.37	1.32	1.24	1.27	1.24	1.25	1.14	1.04	0.58	0.55	0.46	0.45	0.44
	0.42	1.42	1.38	1.35	1.26	1.06	1.09	1.05	1.04	0.92	0.83	0.44	0.41	0.34	0.32	0.32
	0.21	1.38	1.32	1.32	1.19	0.83	0.86	0.82	0.79	0.68	0.59	0.28	0.25	0.19	0.19	0.20
	-0.15	1.29	1.24	1.27	1.09	0.62	0.65	0.60	0.57	0.46	0.36	0.12	0.12	0.06	0.06	0.07
	-0.43	1.20	1.17	1.19	0.97	0.43	0.43	0.38	0.36	0.26	0.16	-0.01	-0.01	-0.07	-0.06	-0.05
	-0.51	1.13	1.11	1.11	0.85	0.25	0.24	0.18	0.18	0.10	-0.00	-0.13	-0.13	-0.20	-0.18	-0.17
	-0.56	1.08	1.06	1.04	0.77	0.13	0.10	0.03	0.06	-0.01	-0.10	-0.22	-0.22	-0.28	-0.26	-0.25
	-0.69	1.04	1.03	0.99	0.73	0.11	0.06	-0.02	0.04	-0.04	-0.12	-0.25	-0.25	-0.31	-0.28	-0.25
	-0.81	1.03	1.02	0.99	0.76	0.17	0.09	0.01	0.07	-0.00	-0.08	-0.25	-0.25	-0.31	-0.27	-0.23
	-0.97	1.01	1.04	1.00	0.83	0.30	0.18	0.09	0.16	0.07	-0.00	-0.24	-0.22	-0.29	-0.27	-0.23
	-1.11	1.01	1.04	0.99	0.86	0.41	0.28	0.20	0.26	0.18	0.10	-0.20	-0.16	-0.23	-0.23	-0.19
	-1.11	1.04	1.05	0.98	0.87	0.44	0.30	0.23	0.29	0.22	0.13	-0.19	-0.16	-0.23	-0.25	-0.21
	-1.08	1.07	1.04	0.93	0.86	0.40	0.26	0.21	0.26	0.18	0.09	-0.23	-0.22	-0.28	-0.32	-0.28
	-0.96	1.08	1.03	0.87	0.83	0.37	0.24	0.20	0.23	0.14	0.05	-0.25	-0.27	-0.32	-0.36	-0.33
	-0.75	1.11	1.02	0.83	0.82	0.42	0.26	0.21	0.22	0.14	0.03	-0.24	-0.28	-0.32	-0.35	-0.34
	-0.59	1.13	1.02	0.79	0.78	0.37	0.19	0.13	0.11	0.04	-0.09	-0.31	-0.37	-0.40	-0.42	-0.41
	-0.37	1.16	1.04	0.77	0.76	0.30	0.12	0.04	0.00	-0.07	-0.22	-0.37	-0.45	-0.47	-0.47	-0.45
	-0.22	1.19	1.06	0.78	0.75	0.25	0.06	-0.05	-0.09	-0.18	-0.34	-0.45	-0.52	-0.53	-0.52	-0.48
	-0.01	1.25	1.10	0.81	0.76	0.13	-0.08	-0.20	-0.25	-0.34	-0.50	-0.57	-0.62	-0.60	-0.60	-0.54
	0.19	1.32	1.14	0.85	0.79	0.04	-0.16	-0.28	-0.34	-0.44	-0.58	-0.66	-0.66	-0.62	-0.60	-0.54
	0.33	1.38	1.20	0.90	0.83	-0.05	-0.24	-0.34	-0.41	-0.51	-0.61	-0.71	-0.68	-0.60	-0.57	-0.50
	0.34	1.42	1.23	0.93	0.85	-0.09	-0.26	-0.34	-0.41	-0.49	-0.56	-0.71	-0.64	-0.54	-0.48	-0.41
	0.30	1.43	1.24	0.95	0.88	-0.07	-0.20	-0.25	-0.34	-0.39	-0.44	-0.64	-0.57	-0.45	-0.35	-0.28
	0.20	1.42	1.25	0.96	0.89	-0.04	-0.13	-0.16	-0.26	-0.28	-0.33	-0.55	-0.49	-0.35	-0.22	-0.15
	0.04	1.36	1.23	0.95	0.89	0.05	-0.01	-0.03	-0.14	-0.13	-0.19	-0.41	-0.37	-0.22	-0.05	0.01
	-0.01	1.31	1.21	0.97	0.92	0.19	0.17	0.14	0.03	0.03	-0.01	-0.20	-0.20	-0.04	0.15	0.22
	0.00	1.25	1.19	1.00	0.96	0.31	0.33	0.30	0.19	0.19	0.16	0.02	-0.00	0.15	0.36	0.42
	0.21	1.24	1.21	1.06	1.04	0.40	0.44	0.41	0.30	0.31	0.30	0.26	0.23	0.37	0.57	0.64
	0.53	1.25	1.26	1.13	1.13	0.50	0.56	0.52	0.42	0.42	0.43	0.51	0.46	0.58	0.78	0.85
	0.82	1.29	1.30	1.20	1.19	0.64	0.71	0.66	0.57	0.57	0.60	0.79	0.72	0.83	1.01	1.07
	1.14	1.34	1.34	1.26	1.23	0.77	0.84	0.81	0.74	0.72	0.76	1.05	0.99	1.08	1.22	1.26
	1.43	1.39	1.38	1.31	1.27	0.91	0.98	0.97	0.91	0.89	0.94	1.29	1.23	1.32	1.43	1.46
	1.66	1.43	1.41	1.34	1.32	1.11	1.17	1.18	1.15	1.12	1.18	1.57	1.52	1.57	1.66	1.70
	1.80	1.46	1.42	1.34	1.33	1.26	1.32	1.34	1.34	1.31	1.37	1.79	1.74	1.77	1.85	1.89
	1.74	1.46	1.41	1.34	1.34	1.41	1.47	1.48	1.51	1.49	1.53	1.96	1.93	1.96	2.02	2.07
	1.60	1.44	1.39	1.33	1.36	1.55	1.61	1.62	1.64	1.64	1.66	2.10	2.12	2.15	2.19	2.25
	1.56	1.42	1.38	1.34	1.38	1.65	1.73	1.72	1.73	1.74	1.74	2.18	2.23	2.26	2.28	2.35
	1.60	1.41	1.35	1.33	1.36	1.65	1.76	1.75	1.72	1.76	1.74	2.19	2.27	2.29	2.31	2.38
	1.71	1.42	1.35	1.34	1.38	1.73	1.84	1.82	1.76	1.81	1.78	2.22	2.33	2.36	2.35	2.42
	1.88	1.45	1.37	1.37	1.41	1.80	1.90	1.87	1.80	1.86	1.81	2.24	2.36	2.41	2.37	2.44
	2.05	1.48	1.40	1.41	1.46	1.84	1.94	1.90	1.82	1.88	1.82	2.24	2.36	2.41	2.34	2.40
	2.21	1.53	1.46	1.45	1.56	1.91	2.00	1.95	1.88	1.94	1.86	2.26	2.36	2.42	2.32	2.36
	2.29	1.54	1.48	1.47	1.63	1.94	2.02	1.95	1.90	1.95	1.85	2.20	2.28	2.35	2.23	2.25
	2.37	1.53	1.48	1.48	1.70	1.94	2.01	1.95	1.92	1.94	1.82	2.15	2.20	2.29	2.16	2.17
	2.44	1.48	1.44	1.47	1.74	1.95	1.99	1.94	1.92	1.90	1.78	2.10	2.13	2.24	2.13	2.13
	2.47	1.42	1.38	1.45	1.74	1.92	1.93	1.90	1.90	1.85	1.73	2.06	2.09	2.22	2.14	2.13
	2.51	1.36	1.31	1.43	1.72	1.85	1.82	1.83	1.88	1.79	1.67	2.01	2.02	2.17	2.13	2.12
	2.48	1.29	1.24	1.39	1.67	1.73	1.66	1.72	1.83	1.71	1.59	1.94	1.93	2.09	2.09	2.08
	2.31	1.20	1.16	1.35	1.60	1.62	1.51	1.62	1.77	1.66	1.55	1.88	1.85	2.01	2.04	2.02
	2.10	1.10	1.08	1.29	1.49	1.49	1.38	1.53	1.72	1.64	1.53	1.84	1.79	1.93	1.99	1.97
	1.92	1.04	1.05	1.25	1.43	1.46	1.34	1.53	1.74	1.69	1.59	1.85	1.78	1.89	1.98	1.95
	1.78	1.04	1.09	1.25	1.41	1.51	1.40	1.61	1.81	1.79	1.69	1.88	1.79	1.89	1.99	1.96
	1.69	1.06	1.15	1.26	1.40	1.60	1.49	1.71	1.89	1.90	1.79	1.93	1.84	1.91	2.02	1.98
	1.73	1.09	1.23	1.31	1.42	1.67	1.55	1.78	1.93	1.95	1.86	1.94	1.85	1.90	1.98	1.94
	1.88	1.14	1.29	1.35	1.43	1.73	1.59	1.82	1.92	1.95	1.86	1.90	1.81	1.82	1.87	1.82
	2.01	1.18	1.31	1.37	1.42	1.72	1.56	1.78	1.82	1.87	1.76	1.79	1.71	1.67	1.68	1.60
	2.14	1.20	1.33	1.37	1.38	1.61	1.44	1.65	1.69	1.73	1.63	1.66	1.58	1.50	1.45	1.36
	2.13	1.20	1.34	1.35	1.33	1.50	1.33	1.53	1.58	1.61	1.50	1.54	1.46	1.32	1.24	1.14
	2.00	1.18	1.31	1.29	1.26	1.43	1.24	1.42	1.48	1.49	1.38	1.43	1.35	1.16	1.06	0.95
	1.79	1.14	1.26	1.18	1.18	1.28	1.08	1.22	1.26	1.27	1.15	1.21	1.15	0.93	0.83	0.70
	1.57	1.07	1.18	1.05	1.10	1.08	0.88	0.96	1.00	0.99	0.88	0.94	0.88	0.65	0.56	0.43
	1.48	0.99	1.13	0.96	1.04	0.86	0.65	0.69	0.71	0.69	0.58	0.63	0.60	0.37	0.30	0.17
	1.39	0.93	1.06	0.87	0.95	0.63	0.40	0.39	0.41	0.38	0.27	0.28	0.28	0.05	0.02	-0.09
	1.38	0.87	0.98	0.78	0.85	0.39	0.15	0.12	0.12	0.09	-0.02	-0.06	-0.06	-0.26	-0.25	-0.32
	1.24	0.81	0.88	0.65	0.70	0.15	-0.11	-0.16	-0.18	-0.18	-0.29	-0.39	-0.38	-0.55	-0.51	-0.54
	0.98	0.73	0.77	0.51	0.52	-0.03	-0.31	-0.36	-0.39	-0.40	-0.50	-0.62	-0.62	-0.75	-0.67	-0.66
	0.64	0.66	0.66	0.38	0.36	-0.18	-0.48	-0.53	-0.57	-0.58	-0.66	-0.78	-0.79	-0.88	-0.77	-0.72
	0.27	0.59	0.53	0.24	0.20	-0.34	-0.66	-0.72	-0.76	-0.75	-0.80	-0.91	-0.93	-0.98	-0.84	-0.76
	-0.04	0.53	0.40	0.13	0.05	-0.42	-0.74	-0.82	-0.84	-0.83	-0.82	-0.90	-0.93	-0.95	-0.79	-0.67
	-0.29	0.49	0.31	0.05	-0.07	-0.44	-0.77	-0.84	-0.84	-0.80	-0.72	-0.78	-0.81	-0.81	-0.64	-0.51
	-0.57	0.47	0.27	0.03	-0.11	-0.41	-0.71	-0.76	-0.71	-0.65	-0.51	-0.54	-0.58	-0.58	-0.39	-0.26
	-0.68	0.49	0.28	0.05	-0.07	-0.31	-0.56	-0.57	-0.50	-0.42	-0.26	-0.25	-0.28	-0.28	-0.10	0.01
	-0.66	0.53	0.34	0.14	0.06	-0.14	-0.34	-0.30	-0.22	-0.14	0.04	0.06	0.05	0.04	0.20	0.30
	-0.55	0.60	0.44	0.27	0.24	0.12	-0.04	0.04	0.13	0.20	0.38	0.40	0.38	0.36	0.50	0.57
	-0.26	0.67	0.55	0.43	0.44	0.41	0.29	0.38	0.47	0.53	0.70	0.69	0.65	0.62	0.72	0.76
	0.10	0.75	0.64	0.57	0.63	0.71	0.64	0.73	0.82	0.85	1.00	0.94	0.86	0.80	0.86	0.87
	0.39	0.80	0.72	0.71	0.81	1.00	0.97	1.05	1.12	1.14	1.26	1.15	1.03	0.93	0.96	0.94
	0.61	0.83	0.78	0.84	0.99	1.26	1.22	1.29	1.33	1.34	1.44	1.28	1.13	1.00	1.01	0.96
	0.81	0.86	0.84	0.97	1.16	1.46	1.43	1.48	1.48	1.47	1.55	1.36	1.18	1.03	1.03	0.95
	1.02	0.89	0.89	1.09	1.28	1.55	1.53	1.57	1.52	1.50	1.56	1.35	1.16	1.01	1.01	0.91
	1.15	0.91	0.94	1.20	1.37	1.57	1.59	1.61	1.53	1.49	1.53	1.32	1.11	0.97	0.99	0.86
	1.29	0.93	0.98	1.27	1.43	1.54	1.59	1.60	1.49	1.45	1.48	1.24	1.03	0.90	0.93	0.80
	1.28	0.92	0.97	1.29	1.44	1.47	1.58	1.57	1.42	1.36	1.38	1.12	0.92	0.79	0.84	0.71
	1.20	0.88	0.95	1.29	1.41	1.42	1.58	1.55	1.36	1.31	1.29	0.98	0.82	0.69	0.75	0.62
	1.09	0.84	0.92	1.25	1.35	1.38	1.57	1.51	1.30	1.25	1.20	0.84	0.71	0.57	0.65	0.53
	0.88	0.81	0.89	1.20	1.30	1.34	1.54	1.43	1.21	1.18	1.09	0.67	0.58	0.44	0.53	0.42
	0.65	0.78	0.86	1.12	1.22	1.25	1.41	1.26	1.03	1.00	0.89	0.41	0.37	0.26	0.37	0.27
	0.49	0.76	0.82	1.01	1.07	1.03	1.14	0.96	0.73	0.70	0.58	0.06	0.07	-0.01	0.12	0.04
	0.39	0.75	0.78	0.90	0.91	0.77	0.82	0.61	0.41	0.38	0.26	-0.28	-0.20	-0.24	-0.11	-0.16
	0.28	0.76	0.75	0.78	0.74	0.48	0.49	0.27	0.11	0.09	-0.01	-0.55	-0.41	-0.41	-0.28	-0.29
	0.16	0.78	0.72	0.69	0.59	0.25	0.22	0.02	-0.07	-0.07	-0.15	-0.70	-0.52	-0.47	-0.36	-0.35
	0.04	0.81	0.71	0.58	0.49	0.09	0.05	-0.11	-0.13	-0.11	-0.17	-0.75	-0.54	-0.44	-0.36	-0.32
	-0.13	0.82	0.68	0.49	0.41	-0.01	-0.03	-0.14	-0.09	-0.06	-0.08	-0.71	-0.48	-0.36	-0.29	-0.22
	-0.29	0.84	0.66	0.45	0.40	0.03	0.04	-0.03	0.06	0.12	0.12	-0.58	-0.34	-0.21	-0.13	-0.06
	-0.38	0.88	0.68	0.48	0.45	0.16	0.17	0.12	0.23	0.30	0.32	-0.40	-0.18	-0.04	0.03	0.11
	-0.47	0.90	0.72	0.55	0.54	0.31	0.32	0.31	0.43	0.50	0.52	-0.22	-0.03	0.10	0.17	0.24
	-0.51	0.92	0.77	0.64	0.67	0.48	0.47	0.51	0.61	0.68	0.71	-0.04	0.12	0.25	0.31	0.38
	-0.48	0.95	0.83	0.77	0.85	0.68	0.68	0.74	0.84	0.91	0.94	0.21	0.31	0.44	0.48	0.54
	-0.34	0.97	0.88	0.88	1.00	0.90	0.91	1.00	1.10	1.17	1.20	0.50	0.56	0.66	0.67	0.71
	-0.09	0.98	0.91	0.98	1.15	1.10	1.12	1.23	1.33	1.41	1.44	0.78	0.81	0.87	0.85	0.87
	0.33	1.01	0.96	1.10	1.31	1.27	1.30	1.42	1.50	1.57	1.62	1.01	1.00	1.01	0.96	0.97
	0.70	1.01	0.99	1.19	1.41	1.39	1.44	1.55	1.60	1.68	1.72	1.16	1.13	1.10	1.02	1.01
	0.89	1.00	0.98	1.22	1.43	1.43	1.49	1.60	1.60	1.70	1.72	1.19	1.15	1.08	0.98	0.96
	0.99	0.97	0.96	1.22	1.41	1.43	1.50	1.56	1.54	1.62	1.64	1.11	1.05	0.97	0.84	0.81
	1.05	0.94	0.94	1.21	1.37	1.40	1.47	1.49	1.44	1.50	1.50	0.94	0.88	0.80	0.66	0.62
	1.03	0.91	0.90	1.18	1.31	1.35	1.41	1.37	1.31	1.35	1.33	0.71	0.64	0.57	0.43	0.38
	0.93	0.87	0.86	1.12	1.21	1.26	1.29	1.22	1.17	1.18	1.15	0.48	0.41	0.35	0.21	0.15
	0.73	0.85	0.80	1.03	1.07	1.10	1.12	1.04	1.00	0.98	0.95	0.25	0.17	0.10	-0.01	-0.09
	0.40	0.82	0.75	0.92	0.92	0.89	0.91	0.83	0.79	0.76	0.71	-0.00	-0.10	-0.18	-0.26	-0.36
	0.08	0.79	0.70	0.83	0.77	0.71	0.70	0.64	0.58	0.51	0.42	-0.27	-0.39	-0.47	-0.56	-0.66
	-0.25	0.75	0.66	0.76	0.65	0.57	0.56	0.50	0.41	0.30	0.17	-0.46	-0.61	-0.69	-0.79	-0.92
	-0.46	0.71	0.62	0.70	0.56	0.47	0.43	0.36	0.24	0.07	-0.09	-0.62	-0.79	-0.88	-1.00	-1.13
	-0.60	0.68	0.60	0.67	0.52	0.35	0.27	0.19	0.01	-0.19	-0.35	-0.78	-0.96	-1.05	-1.17	-1.30
	-0.74	0.64	0.55	0.61	0.44	0.17	0.05	-0.05	-0.27	-0.49	-0.65	-0.97	-1.15	-1.24	-1.35	-1.47
	-0.89	0.60	0.49	0.52	0.33	-0.06	-0.23	-0.35	-0.59	-0.79	-0.95	-1.20	-1.37	-1.45	-1.54	-1.64
	-1.05	0.56	0.42	0.41	0.19	-0.31	-0.53	-0.65	-0.89	-1.05	-1.20	-1.40	-1.56	-1.62	-1.69	-1.79
	-1.23	0.51	0.35	0.30	0.06	-0.56	-0.85	-0.98	-1.19	-1.31	-1.44	-1.60	-1.76	-1.81	-1.85	-1.93
	-1.47	0.47	0.28	0.18	-0.08	-0.82	-1.15	-1.30	-1.46	-1.53	-1.63	-1.79	-1.94	-1.96	-1.99	-2.06
	-1.68	0.45	0.23	0.08	-0.17	-0.97	-1.30	-1.44	-1.55	-1.56	-1.62	-1.80	-1.95	-1.95	-1.97	-2.05
	-1.89	0.44	0.19	0.00	-0.23	-1.00	-1.30	-1.41	-1.47	-1.45	-1.49	-1.68	-1.84	-1.85	-1.86	-1.95
	-2.07	0.40	0.16	-0.07	-0.24	-0.95	-1.21	-1.30	-1.31	-1.28	-1.32	-1.51	-1.69	-1.71	-1.72	-1.80
	-2.14	0.36	0.16	-0.05	-0.15	-0.82	-1.04	-1.13	-1.11	-1.10	-1.14	-1.32	-1.50	-1.55	-1.56	-1.63
	-2.02	0.37	0.22	0.04	-0.01	-0.67	-0.86	-0.96	-0.91	-0.94	-1.00	-1.13	-1.32	-1.40	-1.42	-1.47
	-1.92	0.38	0.30	0.15	0.15	-0.51	-0.70	-0.81	-0.76	-0.83	-0.89	-0.99	-1.16	-1.28	-1.32	-1.36
	-1.74	0.40	0.37	0.25	0.27	-0.42	-0.62	-0.74	-0.68	-0.79	-0.85	-0.94	-1.09	-1.23	-1.30	-1.34
	-1.50	0.43	0.41	0.31	0.30	-0.42	-0.62	-0.77	-0.70	-0.82	-0.88	-1.00	-1.12	-1.27	-1.37	-1.42
	-1.31	0.47	0.44	0.36	0.30	-0.45	-0.66	-0.82	-0.74	-0.86	-0.93	-1.10	-1.22	-1.37	-1.49	-1.54
	-1.29	0.47	0.43	0.36	0.26	-0.46	-0.68	-0.85	-0.77	-0.90	-0.96	-1.21	-1.34	-1.49	-1.61	-1.66
	-1.34	0.46	0.39	0.34	0.21	-0.42	-0.64	-0.83	-0.76	-0.90	-0.96	-1.32	-1.46	-1.60	-1.72	-1.77
	-1.37	0.46	0.36	0.33	0.16	-0.39	-0.57	-0.79	-0.72	-0.86	-0.92	-1.38	-1.53	-1.67	-1.79	-1.85
	-1.39	0.45	0.33	0.33	0.14	-0.33	-0.50	-0.72	-0.65	-0.80	-0.87	-1.39	-1.57	-1.70	-1.83	-1.87
	-1.41	0.45	0.34	0.35	0.17	-0.25	-0.40	-0.63	-0.58	-0.74	-0.83	-1.36	-1.54	-1.66	-1.79	-1.83
	-1.33	0.47	0.37	0.42	0.24	-0.12	-0.29	-0.51	-0.49	-0.67	-0.77	-1.28	-1.48	-1.59	-1.70	-1.74
	-1.11	0.50	0.42	0.51	0.34	0.03	-0.18	-0.41	-0.42	-0.61	-0.72	-1.18	-1.38	-1.47	-1.55	-1.59
	-0.71	0.54	0.47	0.59	0.46	0.22	-0.01	-0.26	-0.32	-0.50	-0.61	-0.99	-1.18	-1.26	-1.32	-1.35
	-0.49	0.58	0.50	0.64	0.54	0.30	0.05	-0.20	-0.27	-0.45	-0.55	-0.83	-0.99	-1.05	-1.10	-1.12
	-0.51	0.60	0.51	0.65	0.56	0.29	0.05	-0.18	-0.26	-0.42	-0.50	-0.71	-0.85	-0.88	-0.91	-0.91
	-0.59	0.60	0.51	0.65	0.56	0.23	0.03	-0.19	-0.24	-0.38	-0.44	-0.58	-0.70	-0.70	-0.71	-0.69
	-0.65	0.59	0.51	0.62	0.53	0.15	-0.02	-0.19	-0.20	-0.32	-0.36	-0.45	-0.53	-0.51	-0.50	-0.46
	-0.78	0.56	0.49	0.58	0.46	0.04	-0.08	-0.21	-0.17	-0.28	-0.28	-0.34	-0.39	-0.35	-0.33	-0.27
	-0.94	0.54	0.48	0.55	0.45	-0.00	-0.09	-0.18	-0.09	-0.18	-0.13	-0.19	-0.20	-0.16	-0.11	-0.05
	-1.11	0.54	0.50	0.56	0.48	0.05	-0.01	-0.04	0.06	0.02	0.09	0.03	0.05	0.08	0.15	0.22
	-1.31	0.55	0.52	0.60	0.53	0.16	0.13	0.14	0.25	0.26	0.35	0.27	0.32	0.34	0.42	0.49
	-1.41	0.58	0.55	0.65	0.60	0.32	0.32	0.36	0.48	0.52	0.63	0.50	0.60	0.62	0.69	0.75
	-1.37	0.60	0.58	0.70	0.65	0.51	0.53	0.60	0.72	0.78	0.91	0.72	0.84	0.87	0.91	0.96
	-1.25	0.61	0.59	0.72	0.69	0.73	0.76	0.84	0.97	1.05	1.17	0.92	1.05	1.07	1.08	1.11
	-1.00	0.63	0.61	0.73	0.74	0.94	0.98	1.06	1.17	1.26	1.38	1.06	1.20	1.19	1.19	1.21
	-0.74	0.65	0.63	0.74	0.76	1.08	1.11	1.17	1.27	1.36	1.47	1.09	1.21	1.18	1.19	1.20
	-0.41	0.67	0.65	0.75	0.78	1.16	1.19	1.23	1.31	1.39	1.49	1.04	1.15	1.10	1.12	1.13
	-0.02	0.68	0.66	0.78	0.82	1.21	1.24	1.27	1.32	1.39	1.48	0.95	1.05	1.00	1.04	1.07
	0.34	0.68	0.65	0.77	0.82	1.14	1.19	1.18	1.23	1.27	1.35	0.78	0.86	0.82	0.89	0.93
	0.52	0.67	0.62	0.72	0.80	1.10	1.15	1.11	1.15	1.16	1.22	0.62	0.69	0.66	0.76	0.81
	0.54	0.65	0.57	0.64	0.78	1.03	1.08	1.03	1.04	1.03	1.09	0.46	0.51	0.49	0.60	0.66
	0.40	0.63	0.52	0.56	0.73	0.94	1.01	0.95	0.96	0.94	0.98	0.31	0.34	0.33	0.43	0.49
	0.17	0.60	0.47	0.49	0.69	0.83	0.90	0.87	0.87	0.84	0.87	0.17	0.17	0.19	0.26	0.32
	-0.12	0.55	0.43	0.44	0.65	0.74	0.80	0.79	0.80	0.77	0.79	0.06	0.03	0.06	0.09	0.15
	-0.44	0.50	0.40	0.40	0.59	0.66	0.72	0.72	0.75	0.72	0.73	-0.04	-0.10	-0.07	-0.06	0.00
	-0.57	0.49	0.40	0.41	0.60	0.68	0.71	0.73	0.74	0.70	0.71	-0.14	-0.22	-0.19	-0.19	-0.15
	-0.52	0.51	0.44	0.48	0.65	0.68	0.72	0.73	0.74	0.69	0.68	-0.27	-0.36	-0.32	-0.35	-0.31
	-0.30	0.54	0.51	0.57	0.74	0.69	0.72	0.72	0.72	0.68	0.65	-0.40	-0.49	-0.45	-0.49	-0.46
	-0.06	0.56	0.56	0.65	0.81	0.71	0.71	0.70	0.69	0.65	0.60	-0.51	-0.59	-0.55	-0.59	-0.57
	0.19	0.59	0.60	0.70	0.86	0.72	0.70	0.68	0.65	0.61	0.55	-0.58	-0.64	-0.59	-0.63	-0.61
	0.47	0.61	0.63	0.73	0.89	0.73	0.71	0.68	0.64	0.60	0.52	-0.61	-0.67	-0.62	-0.63	-0.61
	0.69	0.62	0.66	0.75	0.90	0.75	0.73	0.69	0.63	0.59	0.51	-0.60	-0.65	-0.60	-0.59	-0.58
	0.80	0.63	0.68	0.76	0.92	0.76	0.75	0.69	0.62	0.59	0.53	-0.52	-0.57	-0.52	-0.50	-0.48
	0.89	0.67	0.71	0.78	0.94	0.76	0.76	0.70	0.64	0.61	0.58	-0.41	-0.45	-0.40	-0.38	-0.35
	1.02	0.68	0.71	0.78	0.91	0.75	0.77	0.71	0.67	0.65	0.65	-0.29	-0.31	-0.27	-0.25	-0.22
	1.15	0.68	0.68	0.76	0.86	0.76	0.79	0.73	0.72	0.72	0.75	-0.17	-0.17	-0.14	-0.11	-0.08
	1.10	0.64	0.62	0.70	0.78	0.76	0.80	0.71	0.74	0.76	0.82	-0.11	-0.10	-0.04	-0.01	0.03
	1.00	0.56	0.54	0.62	0.71	0.80	0.84	0.72	0.78	0.81	0.89	-0.09	-0.06	0.02	0.08	0.12
	0.89	0.46	0.42	0.52	0.63	0.83	0.89	0.74	0.80	0.84	0.94	-0.10	-0.06	0.04	0.12	0.17
	0.71	0.33	0.28	0.37	0.50	0.76	0.83	0.67	0.74	0.79	0.89	-0.22	-0.16	-0.04	0.06	0.10
	0.56	0.20	0.13	0.22	0.39	0.69	0.77	0.61	0.69	0.72	0.81	-0.38	-0.31	-0.19	-0.06	-0.03
	0.42	0.07	0.00	0.08	0.25	0.60	0.71	0.56	0.65	0.67	0.75	-0.53	-0.45	-0.32	-0.18	-0.17
	0.34	-0.02	-0.08	-0.03	0.16	0.55	0.68	0.55	0.64	0.67	0.74	-0.60	-0.54	-0.40	-0.29	-0.28
	0.35	-0.09	-0.13	-0.11	0.08	0.51	0.64	0.53	0.65	0.69	0.73	-0.60	-0.55	-0.42	-0.34	-0.34
	0.42	-0.13	-0.15	-0.13	0.06	0.52	0.65	0.56	0.70	0.73	0.75	-0.54	-0.50	-0.40	-0.35	-0.35
	0.57	-0.11	-0.11	-0.09	0.11	0.58	0.70	0.65	0.79	0.80	0.78	-0.40	-0.38	-0.31	-0.29	-0.30
	0.67	-0.11	-0.07	-0.03	0.16	0.67	0.79	0.75	0.87	0.87	0.82	-0.27	-0.28	-0.23	-0.24	-0.25
	0.75	-0.11	-0.04	0.02	0.20	0.72	0.83	0.81	0.92	0.87	0.80	-0.21	-0.24	-0.20	-0.24	-0.24
	0.80	-0.12	-0.01	0.07	0.23	0.72	0.82	0.82	0.91	0.81	0.74	-0.19	-0.22	-0.20	-0.24	-0.23
	0.83	-0.13	-0.01	0.09	0.24	0.69	0.76	0.79	0.89	0.75	0.70	-0.16	-0.19	-0.17	-0.18	-0.16
	0.83	-0.13	0.01	0.12	0.26	0.67	0.71	0.77	0.86	0.71	0.68	-0.11	-0.13	-0.12	-0.11	-0.08
	0.87	-0.12	0.01	0.12	0.26	0.66	0.68	0.74	0.81	0.68	0.67	-0.06	-0.08	-0.09	-0.06	-0.02
	0.95	-0.09	0.02	0.13	0.25	0.65	0.65	0.71	0.75	0.65	0.66	0.01	0.00	-0.01	0.02	0.06
	1.07	-0.03	0.04	0.15	0.26	0.65	0.64	0.69	0.73	0.66	0.68	0.12	0.13	0.09	0.11	0.13
	1.07	0.01	0.05	0.18	0.30	0.67	0.64	0.68	0.71	0.67	0.70	0.20	0.21	0.13	0.14	0.14
	1.02	0.02	0.04	0.20	0.32	0.64	0.59	0.62	0.65	0.62	0.65	0.19	0.19	0.07	0.07	0.05
	1.00	0.02	0.04	0.22	0.34	0.64	0.60	0.62	0.65	0.61	0.61	0.16	0.14	-0.02	-0.03	-0.07
	0.96	0.01	0.05	0.21	0.33	0.61	0.57	0.59	0.60	0.53	0.49	0.04	0.01	-0.17	-0.18	-0.22
	0.80	-0.03	0.03	0.19	0.32	0.56	0.52	0.54	0.53	0.42	0.35	-0.11	-0.15	-0.31	-0.31	-0.37
	0.57	-0.08	-0.02	0.16	0.29	0.48	0.43	0.45	0.41	0.27	0.18	-0.30	-0.34	-0.47	-0.46	-0.53
	0.32	-0.13	-0.06	0.12	0.26	0.43	0.37	0.40	0.32	0.18	0.07	-0.45	-0.49	-0.57	-0.55	-0.63
	0.04	-0.19	-0.10	0.08	0.20	0.34	0.28	0.30	0.21	0.10	-0.02	-0.59	-0.62	-0.65	-0.63	-0.71
	-0.31	-0.25	-0.15	0.02	0.12	0.22	0.18	0.17	0.08	-0.00	-0.11	-0.74	-0.74	-0.73	-0.71	-0.77
	-0.69	-0.31	-0.21	-0.04	0.01	0.08	0.06	0.02	-0.08	-0.11	-0.19	-0.83	-0.82	-0.78	-0.76	-0.80
	-0.99	-0.36	-0.27	-0.12	-0.09	-0.04	-0.02	-0.08	-0.17	-0.18	-0.23	-0.89	-0.86	-0.79	-0.77	-0.79
	-1.16	-0.39	-0.30	-0.17	-0.18	-0.13	-0.08	-0.16	-0.24	-0.23	-0.26	-0.95	-0.91	-0.83	-0.82	-0.82
	-1.23	-0.41	-0.32	-0.21	-0.25	-0.23	-0.16	-0.25	-0.31	-0.30	-0.32	-1.04	-1.00	-0.93	-0.92	-0.90
	-1.30	-0.43	-0.35	-0.27	-0.29	-0.28	-0.21	-0.31	-0.34	-0.34	-0.34	-1.12	-1.08	-1.02	-0.99	-0.98
	-1.24	-0.41	-0.36	-0.29	-0.30	-0.26	-0.20	-0.32	-0.34	-0.36	-0.35	-1.19	-1.13	-1.08	-1.03	-1.02
	-1.05	-0.38	-0.35	-0.28	-0.29	-0.20	-0.16	-0.29	-0.31	-0.33	-0.31	-1.24	-1.17	-1.11	-1.05	-1.05
	-0.86	-0.37	-0.32	-0.26	-0.30	-0.12	-0.08	-0.22	-0.24	-0.26	-0.24	-1.27	-1.19	-1.14	-1.06	-1.08
	-0.63	-0.36	-0.30	-0.23	-0.32	-0.05	-0.01	-0.14	-0.18	-0.17	-0.14	-1.25	-1.19	-1.14	-1.06	-1.10
	-0.40	-0.35	-0.27	-0.21	-0.34	0.00	0.06	-0.04	-0.09	-0.07	-0.01	-1.21	-1.17	-1.13	-1.06	-1.11
	-0.14	-0.31	-0.21	-0.14	-0.30	0.12	0.20	0.12	0.05	0.06	0.15	-1.14	-1.12	-1.08	-1.03	-1.09
	-0.01	-0.28	-0.15	-0.08	-0.24	0.23	0.33	0.25	0.18	0.16	0.25	-1.11	-1.11	-1.06	-1.03	-1.09
	0.13	-0.22	-0.07	0.01	-0.13	0.35	0.46	0.37	0.28	0.25	0.33	-1.09	-1.09	-1.04	-1.03	-1.07
	0.32	-0.14	0.03	0.12	0.02	0.46	0.58	0.46	0.36	0.31	0.36	-1.09	-1.09	-1.03	-1.04	-1.06
	0.39	-0.07	0.12	0.21	0.15	0.48	0.61	0.44	0.32	0.24	0.28	-1.17	-1.17	-1.08	-1.10	-1.11
	0.30	-0.04	0.16	0.26	0.24	0.42	0.55	0.33	0.21	0.12	0.15	-1.24	-1.21	-1.10	-1.12	-1.10
	0.06	-0.04	0.17	0.25	0.25	0.31	0.44	0.21	0.09	0.01	0.03	-1.28	-1.22	-1.11	-1.11	-1.08
	-0.20	-0.08	0.11	0.15	0.18	0.12	0.25	0.01	-0.08	-0.15	-0.13	-1.36	-1.28	-1.16	-1.16	-1.11
	-0.40	-0.15	-0.01	-0.02	0.05	-0.06	0.07	-0.15	-0.18	-0.24	-0.20	-1.39	-1.29	-1.16	-1.15	-1.08
	-0.56	-0.24	-0.18	-0.21	-0.14	-0.20	-0.04	-0.23	-0.19	-0.22	-0.17	-1.33	-1.23	-1.09	-1.06	-0.98
	-0.67	-0.34	-0.35	-0.40	-0.33	-0.33	-0.14	-0.29	-0.20	-0.21	-0.15	-1.27	-1.15	-1.02	-0.98	-0.89
	-0.81	-0.46	-0.53	-0.55	-0.48	-0.41	-0.20	-0.31	-0.19	-0.18	-0.11	-1.21	-1.08	-0.95	-0.91	-0.81
	-0.97	-0.59	-0.67	-0.67	-0.60	-0.43	-0.24	-0.29	-0.17	-0.12	-0.04	-1.11	-0.99	-0.89	-0.84	-0.74
	-1.08	-0.71	-0.78	-0.75	-0.70	-0.45	-0.30	-0.31	-0.19	-0.09	-0.01	-1.03	-0.94	-0.86	-0.81	-0.73
	-1.18	-0.80	-0.82	-0.78	-0.73	-0.40	-0.30	-0.27	-0.17	-0.02	0.05	-0.91	-0.85	-0.81	-0.78	-0.71
	-1.22	-0.85	-0.83	-0.77	-0.71	-0.31	-0.25	-0.19	-0.09	0.07	0.11	-0.80	-0.76	-0.76	-0.74	-0.71
	-1.15	-0.88	-0.83	-0.73	-0.67	-0.27	-0.23	-0.14	-0.04	0.12	0.10	-0.74	-0.73	-0.75	-0.78	-0.77
	-1.03	-0.88	-0.82	-0.67	-0.62	-0.22	-0.19	-0.09	0.01	0.14	0.06	-0.74	-0.78	-0.81	-0.87	-0.89
	-0.79	-0.86	-0.79	-0.61	-0.58	-0.20	-0.19	-0.09	-0.01	0.08	-0.07	-0.84	-0.93	-0.95	-1.03	-1.07
	-0.55	-0.82	-0.75	-0.54	-0.52	-0.17	-0.17	-0.09	-0.07	-0.05	-0.25	-0.99	-1.12	-1.14	-1.21	-1.26
	-0.40	-0.77	-0.69	-0.48	-0.47	-0.17	-0.15	-0.10	-0.14	-0.19	-0.41	-1.12	-1.27	-1.30	-1.36	-1.41
	-0.23	-0.71	-0.64	-0.47	-0.46	-0.22	-0.20	-0.18	-0.28	-0.41	-0.63	-1.27	-1.43	-1.49	-1.53	-1.56
	-0.24	-0.69	-0.62	-0.53	-0.53	-0.38	-0.37	-0.37	-0.52	-0.67	-0.87	-1.42	-1.58	-1.66	-1.65	-1.67
	-0.33	-0.67	-0.62	-0.63	-0.67	-0.64	-0.66	-0.69	-0.85	-0.98	-1.15	-1.60	-1.74	-1.83	-1.78	-1.77
	-0.60	-0.69	-0.65	-0.76	-0.85	-0.91	-0.96	-1.00	-1.15	-1.24	-1.38	-1.74	-1.89	-1.99	-1.90	-1.86
	-0.98	-0.73	-0.71	-0.91	-1.02	-1.13	-1.17	-1.20	-1.34	-1.38	-1.48	-1.80	-1.96	-2.06	-1.96	-1.92
	-1.34	-0.78	-0.79	-1.00	-1.14	-1.18	-1.20	-1.23	-1.35	-1.34	-1.40	-1.71	-1.88	-1.98	-1.88	-1.86
	-1.68	-0.85	-0.87	-1.09	-1.23	-1.12	-1.11	-1.12	-1.22	-1.18	-1.20	-1.49	-1.66	-1.76	-1.69	-1.68
	-2.02	-0.93	-0.97	-1.16	-1.28	-1.06	-1.04	-1.05	-1.12	-1.07	-1.08	-1.38	-1.57	-1.66	-1.60	-1.61
	-2.28	-1.01	-1.06	-1.21	-1.28	-0.96	-0.95	-0.96	-1.01	-0.94	-0.97	-1.31	-1.51	-1.60	-1.55	-1.56
	-2.39	-1.06	-1.13	-1.25	-1.27	-0.84	-0.87	-0.88	-0.92	-0.86	-0.90	-1.30	-1.50	-1.59	-1.54	-1.56
	-2.25	-1.08	-1.16	-1.24	-1.22	-0.74	-0.80	-0.83	-0.85	-0.82	-0.87	-1.34	-1.53	-1.61	-1.56	-1.59
	-1.97	-1.07	-1.15	-1.22	-1.16	-0.68	-0.76	-0.81	-0.82	-0.81	-0.87	-1.41	-1.59	-1.67	-1.61	-1.63
	-1.54	-1.05	-1.12	-1.18	-1.11	-0.65	-0.75	-0.81	-0.80	-0.81	-0.89	-1.49	-1.63	-1.71	-1.64	-1.67
	-1.19	-1.05	-1.11	-1.16	-1.09	-0.68	-0.78	-0.85	-0.82	-0.84	-0.93	-1.58	-1.70	-1.77	-1.71	-1.74
	-0.99	-1.07	-1.11	-1.20	-1.10	-0.70	-0.80	-0.89	-0.86	-0.88	-0.99	-1.67	-1.75	-1.82	-1.76	-1.79
	-1.00	-1.12	-1.13	-1.24	-1.12	-0.70	-0.79	-0.90	-0.85	-0.88	-1.01	-1.71	-1.77	-1.84	-1.77	-1.79
	-1.15	-1.18	-1.16	-1.29	-1.16	-0.71	-0.79	-0.90	-0.84	-0.89	-1.04	-1.73	-1.77	-1.81	-1.74	-1.73
	-1.37	-1.25	-1.22	-1.38	-1.24	-0.74	-0.79	-0.91	-0.84	-0.92	-1.08	-1.76	-1.77	-1.77	-1.68	-1.65
	-1.61	-1.33	-1.28	-1.44	-1.33	-0.73	-0.74	-0.86	-0.81	-0.94	-1.08	-1.74	-1.72	-1.67	-1.55	-1.50
	-1.91	-1.39	-1.34	-1.49	-1.40	-0.76	-0.75	-0.85	-0.80	-0.97	-1.09	-1.71	-1.66	-1.56	-1.41	-1.35
	-2.04	-1.43	-1.38	-1.50	-1.42	-0.75	-0.75	-0.82	-0.79	-0.97	-1.06	-1.61	-1.54	-1.39	-1.22	-1.14
	-2.03	-1.43	-1.39	-1.48	-1.40	-0.77	-0.77	-0.82	-0.81	-0.99	-1.04	-1.47	-1.36	-1.17	-1.00	-0.93
	-1.92	-1.42	-1.41	-1.46	-1.36	-0.81	-0.81	-0.82	-0.82	-0.99	-1.00	-1.27	-1.14	-0.93	-0.75	-0.69
	-1.76	-1.42	-1.44	-1.45	-1.33	-0.85	-0.81	-0.78	-0.77	-0.92	-0.89	-0.98	-0.83	-0.63	-0.46	-0.42
	-1.54	-1.40	-1.44	-1.42	-1.31	-0.81	-0.74	-0.67	-0.64	-0.76	-0.69	-0.56	-0.41	-0.22	-0.08	-0.06
	-1.24	-1.35	-1.41	-1.36	-1.28	-0.74	-0.64	-0.54	-0.49	-0.57	-0.46	-0.11	0.04	0.19	0.30	0.29
	-1.02	-1.32	-1.36	-1.29	-1.22	-0.69	-0.56	-0.43	-0.34	-0.37	-0.23	0.25	0.37	0.47	0.54	0.52
	-0.89	-1.28	-1.29	-1.23	-1.15	-0.58	-0.43	-0.30	-0.18	-0.16	-0.01	0.57	0.68	0.71	0.74	0.70
	-0.65	-1.23	-1.21	-1.14	-1.05	-0.38	-0.23	-0.09	0.04	0.08	0.22	0.89	0.96	0.92	0.92	0.87
	-0.39	-1.21	-1.13	-1.04	-0.92	-0.15	0.01	0.12	0.26	0.30	0.44	1.15	1.20	1.11	1.06	1.02
	-0.09	-1.17	-1.03	-0.91	-0.76	0.04	0.22	0.31	0.43	0.46	0.58	1.31	1.33	1.21	1.14	1.10
	0.20	-1.10	-0.92	-0.79	-0.61	0.18	0.36	0.41	0.53	0.55	0.67	1.38	1.39	1.25	1.16	1.14
	0.49	-1.03	-0.81	-0.69	-0.50	0.21	0.39	0.41	0.52	0.55	0.67	1.32	1.34	1.20	1.12	1.11
	0.70	-0.97	-0.72	-0.62	-0.44	0.19	0.37	0.35	0.46	0.47	0.59	1.20	1.24	1.11	1.04	1.03
	0.80	-0.93	-0.67	-0.62	-0.46	0.12	0.31	0.27	0.37	0.36	0.51	1.06	1.13	1.01	0.94	0.94
	0.75	-0.92	-0.66	-0.66	-0.52	0.02	0.22	0.16	0.26	0.24	0.39	0.89	0.96	0.85	0.79	0.78
	0.51	-0.93	-0.68	-0.70	-0.57	-0.10	0.10	0.03	0.13	0.12	0.26	0.69	0.75	0.65	0.60	0.58
	0.26	-0.95	-0.72	-0.73	-0.60	-0.20	-0.02	-0.06	0.04	0.05	0.18	0.52	0.55	0.46	0.41	0.38
	-0.09	-1.00	-0.79	-0.77	-0.64	-0.32	-0.16	-0.16	-0.04	-0.03	0.09	0.30	0.29	0.20	0.15	0.11
	-0.47	-1.06	-0.86	-0.82	-0.69	-0.46	-0.30	-0.26	-0.14	-0.14	-0.03	0.06	0.01	-0.08	-0.14	-0.19
	-0.81	-1.11	-0.92	-0.84	-0.70	-0.54	-0.39	-0.32	-0.19	-0.24	-0.13	-0.19	-0.25	-0.37	-0.44	-0.49
	-0.97	-1.14	-0.97	-0.86	-0.71	-0.63	-0.49	-0.41	-0.29	-0.39	-0.28	-0.46	-0.56	-0.69	-0.77	-0.83
	-1.07	-1.17	-1.02	-0.89	-0.75	-0.71	-0.62	-0.52	-0.42	-0.59	-0.46	-0.74	-0.86	-0.99	-1.08	-1.13
	-1.29	-1.20	-1.07	-0.92	-0.83	-0.85	-0.80	-0.71	-0.64	-0.84	-0.72	-1.05	-1.17	-1.31	-1.38	-1.43
	-1.47	-1.21	-1.09	-0.93	-0.90	-0.97	-0.96	-0.89	-0.86	-1.07	-0.95	-1.24	-1.36	-1.49	-1.55	-1.58
	-1.61	-1.21	-1.12	-0.95	-1.00	-1.16	-1.19	-1.13	-1.15	-1.35	-1.21	-1.43	-1.52	-1.62	-1.67	-1.69
	-1.71	-1.23	-1.17	-1.01	-1.12	-1.34	-1.41	-1.39	-1.45	-1.61	-1.45	-1.59	-1.63	-1.71	-1.74	-1.75
	-1.74	-1.25	-1.21	-1.08	-1.23	-1.52	-1.61	-1.61	-1.69	-1.81	-1.63	-1.64	-1.65	-1.70	-1.73	-1.74
	-1.74	-1.22	-1.22	-1.14	-1.34	-1.64	-1.72	-1.73	-1.79	-1.87	-1.67	-1.55	-1.55	-1.56	-1.59	-1.60
	-1.87	-1.20	-1.24	-1.21	-1.42	-1.69	-1.75	-1.74	-1.76	-1.78	-1.57	-1.34	-1.31	-1.31	-1.33	-1.34
	-2.09	-1.18	-1.26	-1.27	-1.48	-1.66	-1.69	-1.64	-1.63	-1.59	-1.36	-1.05	-1.00	-0.98	-1.00	-0.99
	-2.42	-1.17	-1.26	-1.30	-1.48	-1.55	-1.54	-1.47	-1.43	-1.33	-1.08	-0.71	-0.66	-0.62	-0.63	-0.62
	-2.66	-1.15	-1.24	-1.28	-1.41	-1.33	-1.27	-1.19	-1.12	-0.98	-0.72	-0.33	-0.29	-0.23	-0.25	-0.23
	-2.72	-1.11	-1.18	-1.17	-1.26	-1.05	-0.93	-0.85	-0.75	-0.59	-0.34	0.03	0.04	0.11	0.09	0.09
	-2.58	-1.08	-1.13	-1.06	-1.12	-0.79	-0.63	-0.54	-0.41	-0.24	-0.02	0.29	0.27	0.35	0.31	0.30
	-2.29	-1.04	-1.08	-0.96	-1.01	-0.56	-0.38	-0.28	-0.12	0.05	0.23	0.45	0.41	0.47	0.41	0.40
	-1.90	-1.04	-1.07	-0.90	-0.94	-0.39	-0.19	-0.10	0.11	0.25	0.40	0.51	0.45	0.49	0.41	0.39
	-1.50	-1.07	-1.10	-0.88	-0.88	-0.29	-0.07	0.01	0.24	0.35	0.45	0.47	0.39	0.41	0.32	0.30
	-1.13	-1.12	-1.13	-0.88	-0.85	-0.29	-0.08	0.01	0.24	0.33	0.38	0.34	0.25	0.26	0.18	0.16
	-0.81	-1.19	-1.19	-0.93	-0.88	-0.42	-0.20	-0.12	0.11	0.18	0.20	0.13	0.05	0.05	-0.00	-0.03
	-0.52	-1.27	-1.26	-1.00	-0.94	-0.57	-0.37	-0.32	-0.09	-0.04	-0.05	-0.14	-0.20	-0.18	-0.22	-0.25
	-0.31	-1.36	-1.34	-1.09	-1.00	-0.70	-0.53	-0.51	-0.30	-0.28	-0.29	-0.35	-0.39	-0.36	-0.37	-0.42
	-0.17	-1.44	-1.40	-1.16	-1.08	-0.81	-0.69	-0.69	-0.52	-0.53	-0.54	-0.54	-0.55	-0.51	-0.51	-0.57
	-0.15	-1.51	-1.46	-1.26	-1.20	-0.99	-0.92	-0.95	-0.82	-0.83	-0.84	-0.77	-0.76	-0.70	-0.69	-0.77
	-0.17	-1.56	-1.50	-1.33	-1.32	-1.12	-1.10	-1.16	-1.05	-1.06	-1.08	-0.94	-0.90	-0.83	-0.82	-0.93
	-0.17	-1.57	-1.51	-1.37	-1.39	-1.21	-1.22	-1.32	-1.23	-1.24	-1.26	-1.04	-0.99	-0.88	-0.88	-1.00
	-0.24	-1.56	-1.49	-1.38	-1.42	-1.26	-1.29	-1.40	-1.35	-1.33	-1.36	-1.07	-1.01	-0.88	-0.88	-1.00
	-0.35	-1.52	-1.46	-1.38	-1.44	-1.33	-1.33	-1.42	-1.38	-1.34	-1.38	-1.03	-0.95	-0.82	-0.83	-0.94
	-0.49	-1.50	-1.44	-1.38	-1.45	-1.41	-1.39	-1.45	-1.38	-1.33	-1.38	-0.96	-0.87	-0.75	-0.78	-0.86
	-0.65	-1.48	-1.44	-1.38	-1.46	-1.44	-1.37	-1.42	-1.31	-1.25	-1.31	-0.84	-0.74	-0.64	-0.66	-0.72
	-0.84	-1.45	-1.44	-1.38	-1.45	-1.44	-1.34	-1.39	-1.25	-1.22	-1.29	-0.76	-0.64	-0.56	-0.56	-0.60
	-0.93	-1.45	-1.45	-1.40	-1.46	-1.46	-1.35	-1.39	-1.24	-1.20	-1.28	-0.71	-0.58	-0.48	-0.49	-0.52
	-0.97	-1.46	-1.47	-1.45	-1.51	-1.53	-1.44	-1.48	-1.31	-1.28	-1.35	-0.76	-0.61	-0.49	-0.49	-0.51
	-0.92	-1.45	-1.48	-1.47	-1.54	-1.60	-1.56	-1.57	-1.43	-1.39	-1.44	-0.84	-0.68	-0.54	-0.53	-0.53
	-0.81	-1.46	-1.50	-1.49	-1.59	-1.69	-1.69	-1.68	-1.57	-1.50	-1.52	-0.91	-0.74	-0.58	-0.58	-0.58
	-0.81	-1.51	-1.54	-1.52	-1.63	-1.75	-1.78	-1.74	-1.67	-1.56	-1.57	-0.92	-0.77	-0.61	-0.61	-0.61
	-0.77	-1.57	-1.58	-1.56	-1.64	-1.75	-1.79	-1.69	-1.65	-1.52	-1.50	-0.81	-0.68	-0.53	-0.54	-0.55
	-0.79	-1.64	-1.61	-1.61	-1.65	-1.70	-1.72	-1.58	-1.54	-1.38	-1.36	-0.63	-0.52	-0.41	-0.42	-0.43
	-0.94	-1.71	-1.64	-1.67	-1.65	-1.63	-1.63	-1.46	-1.42	-1.25	-1.24	-0.47	-0.39	-0.32	-0.30	-0.32
	-1.07	-1.76	-1.65	-1.67	-1.58	-1.42	-1.42	-1.23	-1.19	-1.02	-1.03	-0.24	-0.18	-0.16	-0.11	-0.14
	-1.10	-1.77	-1.64	-1.62	-1.48	-1.18	-1.17	-0.97	-0.94	-0.80	-0.82	-0.04	0.03	0.03	0.10	0.07
	-1.04	-1.74	-1.59	-1.52	-1.36	-0.99	-0.98	-0.81	-0.81	-0.69	-0.72	0.04	0.12	0.12	0.20	0.18
	-0.81	-1.67	-1.51	-1.42	-1.24	-0.85	-0.84	-0.68	-0.73	-0.63	-0.67	0.06	0.16	0.18	0.26	0.24
	-0.62	-1.59	-1.44	-1.35	-1.16	-0.73	-0.72	-0.57	-0.65	-0.58	-0.60	0.05	0.18	0.21	0.29	0.29
	-0.52	-1.50	-1.38	-1.32	-1.16	-0.67	-0.61	-0.47	-0.55	-0.49	-0.48	0.06	0.20	0.25	0.33	0.33
	-0.44	-1.42	-1.33	-1.32	-1.17	-0.63	-0.52	-0.37	-0.45	-0.40	-0.35	0.11	0.26	0.32	0.41	0.42
	-0.42	-1.35	-1.28	-1.31	-1.18	-0.56	-0.40	-0.25	-0.33	-0.27	-0.20	0.19	0.35	0.42	0.51	0.53
	-0.38	-1.29	-1.22	-1.28	-1.14	-0.48	-0.27	-0.11	-0.18	-0.12	-0.02	0.33	0.50	0.58	0.65	0.68
	-0.27	-1.23	-1.15	-1.20	-1.05	-0.33	-0.07	0.08	0.03	0.10	0.21	0.56	0.72	0.79	0.85	0.88
	-0.17	-1.18	-1.09	-1.11	-0.92	-0.13	0.16	0.31	0.27	0.35	0.46	0.83	0.98	1.04	1.08	1.11
	0.01	-1.11	-1.03	-1.02	-0.79	0.04	0.37	0.49	0.47	0.53	0.63	1.06	1.19	1.24	1.26	1.30
	0.10	-1.08	-0.99	-0.95	-0.69	0.15	0.49	0.59	0.58	0.61	0.71	1.17	1.28	1.32	1.33	1.37
	0.13	-1.06	-0.97	-0.91	-0.64	0.17	0.49	0.58	0.58	0.60	0.69	1.20	1.27	1.30	1.29	1.34
	-0.02	-1.09	-0.99	-0.91	-0.66	0.11	0.39	0.47	0.48	0.48	0.58	1.10	1.13	1.14	1.14	1.19
	-0.20	-1.13	-1.02	-0.92	-0.70	0.02	0.24	0.29	0.33	0.30	0.42	0.90	0.91	0.89	0.91	0.96
	-0.29	-1.16	-1.05	-0.93	-0.73	-0.13	0.06	0.08	0.13	0.08	0.22	0.62	0.61	0.59	0.63	0.68
	-0.23	-1.17	-1.06	-0.93	-0.75	-0.30	-0.13	-0.11	-0.06	-0.12	0.03	0.35	0.33	0.31	0.36	0.43
	-0.10	-1.16	-1.05	-0.94	-0.76	-0.41	-0.26	-0.25	-0.19	-0.23	-0.09	0.14	0.12	0.13	0.18	0.25
	0.08	-1.14	-1.03	-0.93	-0.77	-0.47	-0.36	-0.35	-0.28	-0.31	-0.18	-0.02	-0.05	-0.02	0.03	0.11
	0.27	-1.11	-1.01	-0.92	-0.75	-0.53	-0.44	-0.43	-0.38	-0.38	-0.26	-0.13	-0.17	-0.13	-0.08	0.01
	0.47	-1.09	-0.99	-0.93	-0.75	-0.60	-0.52	-0.52	-0.48	-0.47	-0.35	-0.22	-0.27	-0.20	-0.15	-0.05
	0.51	-1.09	-0.99	-0.95	-0.76	-0.65	-0.58	-0.58	-0.55	-0.50	-0.39	-0.22	-0.26	-0.16	-0.11	-0.01
	0.49	-1.10	-1.00	-0.98	-0.80	-0.65	-0.56	-0.55	-0.53	-0.47	-0.37	-0.15	-0.18	-0.06	-0.02	0.08
	0.28	-1.15	-1.03	-1.03	-0.86	-0.66	-0.55	-0.52	-0.50	-0.42	-0.33	-0.07	-0.05	0.09	0.13	0.23
	-0.01	-1.19	-1.06	-1.06	-0.89	-0.65	-0.53	-0.46	-0.43	-0.35	-0.30	0.00	0.08	0.24	0.28	0.38
	-0.30	-1.23	-1.08	-1.09	-0.93	-0.65	-0.53	-0.43	-0.35	-0.29	-0.27	0.07	0.19	0.36	0.41	0.51
	-0.54	-1.27	-1.08	-1.09	-0.93	-0.61	-0.47	-0.33	-0.20	-0.15	-0.14	0.24	0.37	0.55	0.60	0.69
	-0.71	-1.30	-1.06	-1.07	-0.89	-0.50	-0.35	-0.17	0.01	0.04	0.05	0.49	0.64	0.79	0.83	0.91
	-0.72	-1.29	-1.05	-1.06	-0.87	-0.43	-0.26	-0.05	0.16	0.20	0.21	0.70	0.85	0.95	0.97	1.04
	-0.61	-1.26	-1.04	-1.05	-0.85	-0.41	-0.21	0.01	0.24	0.29	0.27	0.82	0.94	0.97	0.98	1.02
	-0.47	-1.22	-1.04	-1.04	-0.83	-0.36	-0.15	0.07	0.29	0.34	0.31	0.89	0.97	0.92	0.90	0.92
	-0.29	-1.17	-1.03	-1.02	-0.80	-0.29	-0.09	0.12	0.34	0.38	0.31	0.91	0.93	0.81	0.76	0.74
	-0.17	-1.13	-1.02	-0.97	-0.76	-0.19	-0.04	0.14	0.32	0.34	0.25	0.84	0.81	0.63	0.53	0.48
	0.07	-1.07	-0.98	-0.91	-0.67	-0.07	0.01	0.12	0.25	0.24	0.13	0.72	0.63	0.39	0.25	0.17
	0.34	-1.00	-0.94	-0.85	-0.61	-0.02	-0.01	0.03	0.10	0.05	-0.10	0.51	0.36	0.08	-0.08	-0.18
	0.58	-0.93	-0.89	-0.81	-0.59	-0.07	-0.13	-0.13	-0.14	-0.23	-0.38	0.23	0.05	-0.25	-0.43	-0.54
	0.69	-0.89	-0.87	-0.79	-0.63	-0.21	-0.32	-0.38	-0.45	-0.59	-0.73	-0.10	-0.29	-0.60	-0.77	-0.88
	0.76	-0.87	-0.88	-0.81	-0.74	-0.45	-0.60	-0.72	-0.84	-1.03	-1.15	-0.45	-0.65	-0.95	-1.11	-1.21
	0.66	-0.87	-0.90	-0.87	-0.90	-0.75	-0.93	-1.09	-1.27	-1.48	-1.58	-0.83	-1.00	-1.28	-1.41	-1.50
	0.37	-0.92	-0.97	-0.99	-1.13	-1.15	-1.36	-1.54	-1.76	-1.99	-2.06	-1.24	-1.36	-1.59	-1.69	-1.76
	0.05	-0.98	-1.06	-1.16	-1.38	-1.60	-1.82	-2.00	-2.22	-2.44	-2.47	-1.58	-1.63	-1.81	-1.87	-1.93
	-0.36	-1.06	-1.18	-1.38	-1.64	-2.07	-2.29	-2.44	-2.63	-2.84	-2.83	-1.86	-1.83	-1.95	-1.99	-2.03
	-0.79	-1.14	-1.29	-1.59	-1.91	-2.46	-2.67	-2.77	-2.92	-3.09	-3.03	-1.98	-1.89	-1.97	-1.98	-2.01
	-1.26	-1.20	-1.38	-1.77	-2.12	-2.72	-2.91	-2.95	-3.05	-3.17	-3.09	-1.96	-1.83	-1.88	-1.88	-1.90
	-1.73	-1.26	-1.44	-1.89	-2.22	-2.81	-2.96	-2.95	-3.00	-3.07	-2.97	-1.82	-1.68	-1.71	-1.71	-1.72
	-2.10	-1.28	-1.46	-1.91	-2.21	-2.70	-2.78	-2.74	-2.76	-2.77	-2.67	-1.53	-1.39	-1.42	-1.43	-1.44
	-2.27	-1.29	-1.45	-1.88	-2.13	-2.45	-2.44	-2.42	-2.40	-2.40	-2.31	-1.21	-1.08	-1.12	-1.15	-1.17
	-2.31	-1.28	-1.42	-1.80	-1.98	-2.19	-2.11	-2.10	-2.07	-2.06	-1.99	-0.94	-0.83	-0.88	-0.95	-0.98
	-2.35	-1.28	-1.39	-1.67	-1.79	-1.89	-1.75	-1.76	-1.75	-1.75	-1.69	-0.73	-0.62	-0.73	-0.82	-0.87
	-2.36	-1.29	-1.35	-1.53	-1.57	-1.60	-1.41	-1.43	-1.46	-1.48	-1.44	-0.56	-0.47	-0.62	-0.73	-0.80
	-2.28	-1.30	-1.32	-1.41	-1.38	-1.30	-1.09	-1.13	-1.21	-1.26	-1.24	-0.44	-0.35	-0.53	-0.66	-0.74
	-2.10	-1.30	-1.33	-1.35	-1.29	-1.15	-0.95	-1.03	-1.14	-1.21	-1.21	-0.44	-0.35	-0.55	-0.70	-0.79
	-1.88	-1.30	-1.35	-1.31	-1.25	-1.09	-0.94	-1.06	-1.21	-1.29	-1.30	-0.54	-0.46	-0.64	-0.81	-0.91
	-1.74	-1.32	-1.36	-1.28	-1.24	-1.12	-1.01	-1.19	-1.34	-1.43	-1.45	-0.67	-0.60	-0.76	-0.95	-1.04
	-1.72	-1.35	-1.38	-1.29	-1.29	-1.22	-1.15	-1.36	-1.51	-1.59	-1.63	-0.82	-0.75	-0.89	-1.08	-1.16
	-1.77	-1.38	-1.42	-1.35	-1.39	-1.35	-1.30	-1.51	-1.64	-1.70	-1.76	-0.94	-0.87	-0.99	-1.17	-1.25
	-1.85	-1.41	-1.46	-1.41	-1.50	-1.47	-1.43	-1.63	-1.72	-1.75	-1.83	-1.02	-0.95	-1.06	-1.23	-1.32
	-1.96	-1.45	-1.49	-1.50	-1.63	-1.62	-1.60	-1.76	-1.80	-1.80	-1.87	-1.12	-1.07	-1.18	-1.32	-1.40
	-2.10	-1.48	-1.52	-1.59	-1.73	-1.71	-1.70	-1.82	-1.82	-1.78	-1.87	-1.20	-1.17	-1.27	-1.38	-1.43
	-2.22	-1.49	-1.54	-1.62	-1.74	-1.76	-1.75	-1.83	-1.79	-1.72	-1.82	-1.24	-1.21	-1.31	-1.37	-1.40
	-2.30	-1.51	-1.54	-1.64	-1.72	-1.80	-1.79	-1.83	-1.76	-1.68	-1.78	-1.26	-1.24	-1.30	-1.34	-1.35
	-2.25	-1.51	-1.54	-1.64	-1.68	-1.83	-1.80	-1.79	-1.71	-1.61	-1.70	-1.22	-1.20	-1.23	-1.24	-1.23
	-2.14	-1.50	-1.52	-1.63	-1.64	-1.84	-1.81	-1.76	-1.65	-1.55	-1.61	-1.11	-1.08	-1.11	-1.09	-1.06
	-1.96	-1.48	-1.48	-1.61	-1.60	-1.89	-1.84	-1.75	-1.61	-1.48	-1.53	-0.96	-0.91	-0.93	-0.87	-0.83
	-1.62	-1.43	-1.41	-1.56	-1.53	-1.89	-1.80	-1.69	-1.53	-1.39	-1.44	-0.77	-0.71	-0.71	-0.63	-0.58
	-1.31	-1.37	-1.35	-1.53	-1.48	-1.86	-1.73	-1.59	-1.41	-1.28	-1.31	-0.56	-0.47	-0.47	-0.38	-0.31
	-1.05	-1.31	-1.27	-1.45	-1.38	-1.74	-1.58	-1.41	-1.22	-1.09	-1.10	-0.27	-0.18	-0.18	-0.09	-0.01
	-0.80	-1.24	-1.19	-1.36	-1.26	-1.52	-1.32	-1.13	-0.94	-0.79	-0.78	0.07	0.15	0.13	0.19	0.28
	-0.49	-1.14	-1.09	-1.25	-1.12	-1.25	-1.03	-0.82	-0.63	-0.47	-0.45	0.37	0.45	0.41	0.45	0.54
	-0.15	-1.05	-1.00	-1.13	-0.97	-0.99	-0.76	-0.54	-0.35	-0.18	-0.16	0.60	0.68	0.62	0.65	0.74
	0.06	-0.97	-0.92	-1.00	-0.83	-0.74	-0.48	-0.27	-0.11	0.06	0.08	0.74	0.84	0.78	0.79	0.88
	0.16	-0.92	-0.86	-0.89	-0.72	-0.49	-0.23	-0.05	0.08	0.22	0.27	0.81	0.92	0.88	0.87	0.96
	0.17	-0.91	-0.83	-0.80	-0.63	-0.33	-0.08	0.07	0.17	0.31	0.38	0.78	0.91	0.88	0.87	0.94
	0.19	-0.91	-0.80	-0.72	-0.55	-0.20	0.03	0.15	0.24	0.38	0.48	0.76	0.88	0.86	0.84	0.90
	0.16	-0.89	-0.77	-0.64	-0.47	-0.06	0.15	0.26	0.34	0.50	0.63	0.83	0.94	0.92	0.87	0.92
	0.18	-0.87	-0.72	-0.56	-0.39	0.09	0.28	0.39	0.46	0.63	0.77	0.94	1.03	1.00	0.94	0.95
	0.28	-0.82	-0.63	-0.46	-0.27	0.26	0.43	0.53	0.60	0.79	0.92	1.06	1.13	1.07	1.00	0.98
	0.37	-0.73	-0.54	-0.33	-0.15	0.48	0.63	0.71	0.77	0.98	1.09	1.18	1.21	1.11	1.03	0.98
	0.59	-0.65	-0.43	-0.20	-0.01	0.67	0.80	0.86	0.90	1.11	1.18	1.21	1.21	1.05	0.98	0.91
	0.82	-0.58	-0.35	-0.10	0.11	0.84	0.96	1.01	1.03	1.23	1.25	1.22	1.18	0.98	0.90	0.82
	1.10	-0.52	-0.26	0.01	0.19	0.97	1.10	1.12	1.16	1.33	1.28	1.19	1.13	0.89	0.81	0.74
	1.25	-0.48	-0.22	0.07	0.24	1.05	1.19	1.20	1.23	1.36	1.25	1.08	1.01	0.75	0.67	0.60
	1.32	-0.46	-0.19	0.10	0.26	1.09	1.22	1.21	1.21	1.30	1.14	0.88	0.82	0.54	0.47	0.40
	1.28	-0.45	-0.17	0.12	0.29	1.06	1.17	1.15	1.12	1.15	0.95	0.62	0.55	0.27	0.21	0.14
	1.18	-0.47	-0.17	0.11	0.27	0.96	1.04	1.03	0.97	0.96	0.72	0.33	0.26	-0.01	-0.05	-0.12
	1.12	-0.49	-0.20	0.07	0.22	0.84	0.89	0.86	0.79	0.73	0.47	0.02	-0.05	-0.29	-0.32	-0.38
	1.05	-0.52	-0.26	-0.05	0.08	0.64	0.66	0.61	0.54	0.45	0.17	-0.32	-0.40	-0.60	-0.58	-0.64
	0.78	-0.59	-0.39	-0.25	-0.15	0.33	0.32	0.27	0.22	0.09	-0.18	-0.71	-0.79	-0.93	-0.89	-0.94
	0.42	-0.65	-0.52	-0.46	-0.42	-0.02	-0.05	-0.11	-0.13	-0.27	-0.51	-1.09	-1.16	-1.24	-1.19	-1.22
	-0.06	-0.71	-0.64	-0.67	-0.67	-0.39	-0.44	-0.48	-0.48	-0.59	-0.81	-1.41	-1.47	-1.49	-1.43	-1.45
	-0.61	-0.78	-0.74	-0.87	-0.90	-0.76	-0.82	-0.85	-0.83	-0.90	-1.09	-1.72	-1.75	-1.71	-1.64	-1.65
	-1.19	-0.85	-0.81	-1.00	-1.07	-1.01	-1.08	-1.10	-1.07	-1.10	-1.24	-1.91	-1.89	-1.80	-1.73	-1.73
	-1.70	-0.90	-0.85	-1.09	-1.17	-1.21	-1.25	-1.25	-1.24	-1.20	-1.31	-2.01	-1.93	-1.79	-1.71	-1.70
	-2.04	-0.94	-0.87	-1.12	-1.22	-1.35	-1.35	-1.33	-1.34	-1.24	-1.31	-1.96	-1.84	-1.65	-1.57	-1.56
	-2.15	-0.97	-0.90	-1.14	-1.26	-1.48	-1.45	-1.39	-1.40	-1.23	-1.27	-1.87	-1.73	-1.49	-1.41	-1.39
	-2.07	-0.98	-0.90	-1.14	-1.25	-1.57	-1.50	-1.41	-1.40	-1.20	-1.21	-1.75	-1.61	-1.32	-1.23	-1.20
	-1.81	-0.96	-0.89	-1.10	-1.21	-1.57	-1.49	-1.34	-1.29	-1.07	-1.05	-1.54	-1.40	-1.09	-1.01	-0.97
	-1.48	-0.95	-0.88	-1.06	-1.14	-1.46	-1.38	-1.17	-1.07	-0.85	-0.81	-1.26	-1.16	-0.85	-0.79	-0.74
	-1.06	-0.90	-0.86	-0.98	-1.02	-1.26	-1.17	-0.92	-0.77	-0.57	-0.53	-0.99	-0.93	-0.63	-0.60	-0.55
	-0.75	-0.86	-0.85	-0.88	-0.87	-1.01	-0.89	-0.63	-0.44	-0.27	-0.25	-0.74	-0.72	-0.46	-0.45	-0.40
	-0.47	-0.83	-0.85	-0.79	-0.75	-0.76	-0.66	-0.42	-0.21	-0.06	-0.08	-0.62	-0.63	-0.41	-0.41	-0.35
	-0.24	-0.85	-0.87	-0.72	-0.66	-0.52	-0.45	-0.25	-0.04	0.09	0.03	-0.58	-0.60	-0.43	-0.45	-0.39
	0.01	-0.87	-0.88	-0.67	-0.58	-0.36	-0.32	-0.17	0.02	0.13	0.06	-0.62	-0.64	-0.49	-0.53	-0.47
	0.23	-0.90	-0.90	-0.66	-0.55	-0.30	-0.28	-0.18	-0.03	0.06	-0.00	-0.74	-0.74	-0.60	-0.64	-0.58
	0.39	-0.94	-0.92	-0.67	-0.56	-0.25	-0.26	-0.24	-0.14	-0.06	-0.11	-0.85	-0.83	-0.68	-0.74	-0.69
	0.35	-0.95	-0.93	-0.69	-0.60	-0.24	-0.29	-0.34	-0.28	-0.22	-0.26	-0.97	-0.92	-0.77	-0.82	-0.77
	0.12	-0.97	-0.93	-0.73	-0.66	-0.27	-0.36	-0.46	-0.43	-0.38	-0.38	-1.03	-0.96	-0.81	-0.84	-0.80
	-0.06	-1.00	-0.93	-0.76	-0.71	-0.32	-0.42	-0.57	-0.55	-0.48	-0.46	-1.02	-0.94	-0.79	-0.80	-0.77
	-0.29	-1.02	-0.92	-0.80	-0.76	-0.42	-0.52	-0.69	-0.67	-0.57	-0.53	-1.00	-0.90	-0.76	-0.74	-0.72
	-0.49	-1.02	-0.93	-0.84	-0.84	-0.56	-0.65	-0.85	-0.80	-0.68	-0.63	-0.98	-0.87	-0.71	-0.67	-0.66
	-0.73	-1.03	-0.95	-0.90	-0.91	-0.68	-0.76	-0.97	-0.91	-0.77	-0.72	-0.92	-0.82	-0.64	-0.56	-0.56
	-1.00	-1.05	-0.95	-0.94	-0.96	-0.76	-0.82	-1.01	-0.92	-0.79	-0.74	-0.83	-0.71	-0.53	-0.44	-0.45
	-1.29	-1.10	-0.98	-0.99	-1.01	-0.81	-0.83	-0.98	-0.87	-0.77	-0.72	-0.74	-0.60	-0.40	-0.31	-0.31
	-1.44	-1.13	-0.99	-1.02	-1.03	-0.84	-0.82	-0.91	-0.80	-0.72	-0.67	-0.65	-0.50	-0.30	-0.20	-0.19
	-1.45	-1.15	-0.98	-1.01	-1.00	-0.82	-0.76	-0.81	-0.69	-0.64	-0.61	-0.56	-0.42	-0.22	-0.13	-0.10
	-1.32	-1.14	-0.95	-0.98	-0.95	-0.74	-0.67	-0.67	-0.58	-0.55	-0.51	-0.45	-0.31	-0.13	-0.05	-0.01
	-1.19	-1.13	-0.95	-0.97	-0.92	-0.70	-0.63	-0.60	-0.53	-0.51	-0.45	-0.38	-0.25	-0.09	-0.02	0.04
	-0.94	-1.13	-0.98	-0.98	-0.93	-0.67	-0.62	-0.57	-0.49	-0.47	-0.41	-0.32	-0.20	-0.04	0.01	0.08
	-0.67	-1.13	-1.01	-1.01	-0.93	-0.63	-0.61	-0.54	-0.44	-0.40	-0.33	-0.25	-0.15	0.02	0.05	0.14
	-0.40	-1.13	-1.04	-1.02	-0.93	-0.57	-0.58	-0.51	-0.40	-0.33	-0.25	-0.17	-0.08	0.08	0.10	0.20
	-0.32	-1.15	-1.09	-1.02	-0.94	-0.58	-0.62	-0.54	-0.43	-0.32	-0.23	-0.14	-0.06	0.09	0.11	0.22
	-0.44	-1.19	-1.16	-1.02	-0.93	-0.57	-0.62	-0.55	-0.43	-0.30	-0.21	-0.11	-0.03	0.11	0.12	0.23
	-0.50	-1.20	-1.19	-1.01	-0.89	-0.54	-0.58	-0.52	-0.39	-0.24	-0.16	-0.07	0.00	0.12	0.13	0.25
	-0.47	-1.17	-1.19	-0.99	-0.83	-0.50	-0.53	-0.48	-0.36	-0.19	-0.13	-0.05	0.00	0.11	0.11	0.23
	-0.36	-1.12	-1.17	-0.96	-0.76	-0.47	-0.49	-0.44	-0.32	-0.13	-0.08	0.01	0.04	0.12	0.13	0.25
	-0.24	-1.07	-1.12	-0.90	-0.70	-0.45	-0.44	-0.38	-0.27	-0.05	-0.02	0.09	0.12	0.17	0.18	0.29
	-0.22	-1.03	-1.09	-0.86	-0.66	-0.43	-0.41	-0.34	-0.23	0.02	0.04	0.18	0.22	0.25	0.24	0.35
	-0.26	-1.02	-1.09	-0.87	-0.69	-0.47	-0.44	-0.33	-0.22	0.05	0.06	0.24	0.28	0.30	0.27	0.36
	-0.27	-1.01	-1.09	-0.89	-0.72	-0.53	-0.48	-0.37	-0.26	0.02	0.01	0.25	0.29	0.30	0.26	0.35
	-0.28	-1.00	-1.06	-0.86	-0.69	-0.57	-0.51	-0.41	-0.28	-0.02	-0.03	0.25	0.30	0.32	0.26	0.36
	-0.31	-0.99	-1.01	-0.80	-0.64	-0.57	-0.49	-0.40	-0.28	-0.05	-0.06	0.25	0.32	0.35	0.28	0.37
	-0.32	-0.99	-0.97	-0.75	-0.60	-0.56	-0.46	-0.39	-0.28	-0.08	-0.10	0.22	0.28	0.33	0.26	0.34
	-0.22	-0.97	-0.92	-0.71	-0.60	-0.57	-0.47	-0.40	-0.29	-0.14	-0.15	0.15	0.20	0.28	0.20	0.28
	0.00	-0.95	-0.87	-0.67	-0.60	-0.55	-0.43	-0.35	-0.25	-0.16	-0.16	0.11	0.16	0.26	0.19	0.26
	0.25	-0.93	-0.84	-0.66	-0.63	-0.52	-0.37	-0.28	-0.19	-0.15	-0.14	0.10	0.13	0.26	0.20	0.26
	0.37	-0.93	-0.86	-0.69	-0.71	-0.55	-0.37	-0.27	-0.18	-0.18	-0.16	0.05	0.07	0.24	0.18	0.23
	0.32	-0.95	-0.93	-0.79	-0.82	-0.64	-0.42	-0.31	-0.24	-0.25	-0.23	-0.02	0.02	0.21	0.15	0.18
	0.20	-0.98	-1.02	-0.92	-0.97	-0.80	-0.58	-0.47	-0.41	-0.42	-0.39	-0.13	-0.09	0.12	0.05	0.07
	0.10	-1.02	-1.11	-1.06	-1.14	-1.00	-0.79	-0.69	-0.62	-0.62	-0.59	-0.26	-0.22	0.00	-0.07	-0.05
	0.03	-1.03	-1.18	-1.19	-1.27	-1.19	-1.00	-0.90	-0.83	-0.83	-0.79	-0.39	-0.35	-0.12	-0.18	-0.14
	-0.07	-1.07	-1.24	-1.30	-1.38	-1.32	-1.16	-1.07	-0.99	-0.99	-0.94	-0.49	-0.44	-0.24	-0.28	-0.23
	-0.09	-1.10	-1.28	-1.40	-1.48	-1.42	-1.30	-1.22	-1.11	-1.10	-1.05	-0.58	-0.51	-0.34	-0.37	-0.30
	-0.07	-1.13	-1.30	-1.45	-1.55	-1.52	-1.44	-1.36	-1.23	-1.19	-1.15	-0.70	-0.62	-0.48	-0.48	-0.40
	-0.15	-1.18	-1.31	-1.49	-1.61	-1.63	-1.57	-1.51	-1.36	-1.28	-1.26	-0.85	-0.77	-0.65	-0.64	-0.53
	-0.23	-1.22	-1.32	-1.51	-1.65	-1.70	-1.66	-1.60	-1.46	-1.33	-1.32	-0.98	-0.92	-0.81	-0.77	-0.65
	-0.30	-1.25	-1.31	-1.52	-1.68	-1.75	-1.71	-1.66	-1.52	-1.37	-1.36	-1.08	-1.03	-0.93	-0.88	-0.73
	-0.29	-1.25	-1.29	-1.52	-1.68	-1.79	-1.73	-1.67	-1.53	-1.37	-1.35	-1.14	-1.09	-0.99	-0.92	-0.76
	-0.27	-1.22	-1.25	-1.49	-1.64	-1.81	-1.73	-1.67	-1.53	-1.36	-1.32	-1.15	-1.10	-1.01	-0.92	-0.77
	-0.28	-1.20	-1.22	-1.43	-1.57	-1.76	-1.66	-1.59	-1.45	-1.29	-1.22	-1.07	-1.03	-0.97	-0.84	-0.71
	-0.16	-1.16	-1.18	-1.38	-1.50	-1.68	-1.55	-1.47	-1.31	-1.16	-1.06	-0.91	-0.88	-0.84	-0.69	-0.58
	0.01	-1.13	-1.14	-1.33	-1.45	-1.52	-1.38	-1.27	-1.11	-0.95	-0.85	-0.68	-0.66	-0.63	-0.47	-0.39
	0.20	-1.09	-1.10	-1.26	-1.36	-1.31	-1.18	-1.03	-0.90	-0.73	-0.63	-0.45	-0.44	-0.40	-0.24	-0.20
	0.40	-1.06	-1.07	-1.18	-1.25	-1.07	-0.96	-0.78	-0.69	-0.52	-0.43	-0.23	-0.23	-0.21	-0.07	-0.06
	0.58	-1.02	-1.04	-1.11	-1.14	-0.85	-0.77	-0.58	-0.54	-0.39	-0.33	-0.13	-0.15	-0.13	-0.04	-0.05
	0.58	-1.00	-1.03	-1.05	-1.05	-0.73	-0.67	-0.50	-0.50	-0.38	-0.35	-0.16	-0.20	-0.19	-0.13	-0.14
	0.55	-0.98	-1.02	-1.00	-0.97	-0.68	-0.63	-0.48	-0.50	-0.40	-0.41	-0.24	-0.30	-0.29	-0.25	-0.26
	0.49	-0.99	-1.01	-0.97	-0.93	-0.74	-0.69	-0.56	-0.56	-0.51	-0.56	-0.40	-0.48	-0.47	-0.41	-0.41
	0.32	-1.02	-1.02	-0.96	-0.92	-0.84	-0.80	-0.69	-0.67	-0.68	-0.75	-0.59	-0.67	-0.63	-0.55	-0.53
	0.13	-1.07	-1.03	-0.95	-0.90	-0.90	-0.88	-0.79	-0.78	-0.84	-0.94	-0.75	-0.83	-0.75	-0.63	-0.58
	-0.07	-1.11	-1.04	-0.95	-0.90	-0.97	-0.97	-0.87	-0.86	-0.95	-1.05	-0.82	-0.88	-0.75	-0.60	-0.53
	-0.25	-1.15	-1.05	-0.96	-0.91	-1.07	-1.08	-0.96	-0.93	-1.02	-1.08	-0.81	-0.85	-0.67	-0.50	-0.41
	-0.36	-1.17	-1.03	-0.95	-0.92	-1.16	-1.18	-1.02	-0.97	-1.03	-1.03	-0.70	-0.73	-0.50	-0.32	-0.23
	-0.43	-1.16	-1.01	-0.97	-0.96	-1.26	-1.29	-1.05	-0.99	-1.01	-0.94	-0.55	-0.56	-0.32	-0.15	-0.05
	-0.43	-1.13	-0.99	-1.01	-1.04	-1.42	-1.42	-1.12	-1.02	-0.98	-0.85	-0.42	-0.41	-0.19	-0.02	0.08
	-0.59	-1.12	-1.00	-1.08	-1.11	-1.58	-1.56	-1.17	-1.04	-0.94	-0.75	-0.31	-0.29	-0.10	0.05	0.17
	-0.83	-1.11	-1.02	-1.12	-1.14	-1.66	-1.60	-1.16	-1.00	-0.84	-0.63	-0.20	-0.18	-0.02	0.12	0.26
	-0.98	-1.13	-1.05	-1.15	-1.13	-1.62	-1.53	-1.05	-0.90	-0.70	-0.48	-0.08	-0.07	0.05	0.20	0.36
	-0.91	-1.14	-1.09	-1.16	-1.10	-1.52	-1.42	-0.96	-0.80	-0.57	-0.36	-0.02	0.00	0.11	0.28	0.44
	-0.75	-1.14	-1.11	-1.14	-1.06	-1.38	-1.25	-0.81	-0.68	-0.43	-0.23	0.03	0.06	0.17	0.35	0.51
	-0.45	-1.10	-1.07	-1.07	-0.96	-1.16	-1.01	-0.59	-0.48	-0.22	-0.03	0.12	0.16	0.27	0.44	0.58
	-0.03	-1.03	-1.01	-0.98	-0.84	-0.88	-0.69	-0.29	-0.17	0.09	0.29	0.29	0.34	0.45	0.60	0.70
	0.38	-0.94	-0.92	-0.90	-0.72	-0.60	-0.38	-0.00	0.13	0.39	0.59	0.46	0.51	0.62	0.75	0.81
	0.73	-0.85	-0.83	-0.79	-0.57	-0.28	-0.07	0.29	0.45	0.67	0.88	0.62	0.66	0.76	0.87	0.90
	1.02	-0.77	-0.74	-0.66	-0.42	0.03	0.22	0.55	0.71	0.91	1.10	0.74	0.77	0.84	0.93	0.93
	1.17	-0.72	-0.67	-0.53	-0.26	0.33	0.51	0.81	0.97	1.12	1.31	0.84	0.84	0.88	0.96	0.95
	1.37	-0.68	-0.61	-0.40	-0.10	0.57	0.75	1.02	1.16	1.26	1.44	0.88	0.88	0.89	0.94	0.93
	1.57	-0.65	-0.55	-0.28	0.06	0.74	0.91	1.15	1.25	1.33	1.50	0.90	0.89	0.87	0.89	0.88
	1.76	-0.62	-0.51	-0.21	0.16	0.78	0.93	1.11	1.19	1.26	1.42	0.79	0.79	0.73	0.73	0.73
	1.89	-0.59	-0.47	-0.16	0.21	0.75	0.88	0.99	1.06	1.13	1.28	0.63	0.64	0.55	0.54	0.56
	2.00	-0.57	-0.44	-0.13	0.20	0.62	0.73	0.78	0.86	0.93	1.07	0.43	0.45	0.34	0.33	0.36
	2.05	-0.58	-0.45	-0.14	0.12	0.41	0.50	0.51	0.61	0.68	0.82	0.22	0.25	0.12	0.11	0.15
	1.97	-0.60	-0.48	-0.19	-0.01	0.18	0.25	0.25	0.38	0.45	0.57	0.04	0.07	-0.07	-0.08	-0.03
	1.78	-0.64	-0.53	-0.27	-0.17	-0.01	0.02	0.04	0.20	0.27	0.38	-0.07	-0.04	-0.20	-0.21	-0.16
	1.49	-0.69	-0.62	-0.40	-0.37	-0.23	-0.23	-0.20	-0.02	0.05	0.15	-0.21	-0.20	-0.36	-0.38	-0.33
	1.15	-0.76	-0.73	-0.56	-0.57	-0.48	-0.52	-0.47	-0.29	-0.22	-0.12	-0.39	-0.40	-0.56	-0.58	-0.54
	0.75	-0.84	-0.84	-0.72	-0.76	-0.67	-0.74	-0.69	-0.54	-0.47	-0.37	-0.57	-0.60	-0.75	-0.77	-0.74
	0.39	-0.90	-0.94	-0.88	-0.94	-0.83	-0.92	-0.85	-0.73	-0.69	-0.58	-0.74	-0.79	-0.93	-0.94	-0.92
	0.11	-0.96	-1.03	-1.02	-1.10	-0.97	-1.08	-0.99	-0.89	-0.89	-0.78	-0.91	-0.95	-1.06	-1.08	-1.06
	-0.18	-1.02	-1.13	-1.14	-1.25	-1.11	-1.24	-1.14	-1.06	-1.10	-1.00	-1.08	-1.12	-1.19	-1.21	-1.19
	-0.39	-1.09	-1.22	-1.27	-1.38	-1.28	-1.42	-1.30	-1.26	-1.32	-1.22	-1.27	-1.29	-1.33	-1.35	-1.32
	-0.64	-1.16	-1.32	-1.39	-1.50	-1.46	-1.60	-1.48	-1.45	-1.51	-1.40	-1.41	-1.41	-1.42	-1.44	-1.40
	-0.78	-1.22	-1.40	-1.48	-1.60	-1.61	-1.74	-1.62	-1.60	-1.65	-1.52	-1.48	-1.47	-1.47	-1.48	-1.43
	-0.83	-1.25	-1.43	-1.53	-1.65	-1.70	-1.80	-1.66	-1.65	-1.67	-1.53	-1.42	-1.40	-1.37	-1.38	-1.32
	-1.03	-1.28	-1.46	-1.55	-1.67	-1.74	-1.80	-1.65	-1.62	-1.63	-1.48	-1.31	-1.29	-1.25	-1.25	-1.18
	-1.17	-1.31	-1.47	-1.56	-1.69	-1.79	-1.80	-1.65	-1.62	-1.61	-1.44	-1.21	-1.19	-1.14	-1.14	-1.07
	-1.29	-1.32	-1.48	-1.55	-1.67	-1.81	-1.78	-1.62	-1.60	-1.56	-1.38	-1.13	-1.10	-1.05	-1.04	-0.98
	-1.46	-1.35	-1.50	-1.56	-1.65	-1.75	-1.69	-1.53	-1.51	-1.46	-1.27	-1.02	-1.00	-0.96	-0.94	-0.90
	-1.56	-1.35	-1.51	-1.54	-1.61	-1.66	-1.56	-1.39	-1.38	-1.31	-1.14	-0.92	-0.90	-0.86	-0.83	-0.80
	-1.56	-1.33	-1.49	-1.50	-1.58	-1.58	-1.45	-1.25	-1.24	-1.17	-1.04	-0.85	-0.82	-0.75	-0.73	-0.71
	-1.56	-1.29	-1.45	-1.45	-1.52	-1.46	-1.30	-1.05	-1.05	-0.99	-0.90	-0.73	-0.72	-0.64	-0.62	-0.61
	-1.56	-1.25	-1.40	-1.36	-1.42	-1.29	-1.14	-0.84	-0.88	-0.82	-0.77	-0.62	-0.61	-0.51	-0.51	-0.52
	-1.47	-1.18	-1.31	-1.25	-1.30	-1.16	-1.02	-0.70	-0.77	-0.70	-0.68	-0.56	-0.57	-0.46	-0.46	-0.49
	-1.20	-1.09	-1.21	-1.12	-1.16	-1.06	-0.94	-0.64	-0.72	-0.62	-0.63	-0.54	-0.56	-0.45	-0.46	-0.48
	-0.84	-0.99	-1.10	-0.96	-1.00	-0.93	-0.83	-0.59	-0.65	-0.54	-0.59	-0.48	-0.52	-0.42	-0.44	-0.46
	-0.46	-0.89	-1.01	-0.81	-0.85	-0.81	-0.73	-0.53	-0.58	-0.44	-0.52	-0.40	-0.43	-0.37	-0.39	-0.41
	-0.22	-0.81	-0.94	-0.68	-0.73	-0.73	-0.65	-0.51	-0.55	-0.39	-0.49	-0.36	-0.42	-0.38	-0.41	-0.44
	-0.06	-0.75	-0.87	-0.56	-0.63	-0.65	-0.57	-0.48	-0.51	-0.35	-0.47	-0.34	-0.40	-0.41	-0.45	-0.49
	0.01	-0.69	-0.81	-0.47	-0.55	-0.62	-0.53	-0.47	-0.46	-0.30	-0.42	-0.29	-0.36	-0.44	-0.49	-0.54
	0.07	-0.66	-0.79	-0.44	-0.52	-0.63	-0.52	-0.50	-0.44	-0.28	-0.40	-0.28	-0.37	-0.48	-0.55	-0.61
	0.20	-0.64	-0.79	-0.44	-0.50	-0.55	-0.43	-0.44	-0.36	-0.22	-0.34	-0.23	-0.34	-0.47	-0.55	-0.61
	0.31	-0.63	-0.79	-0.44	-0.50	-0.47	-0.36	-0.40	-0.31	-0.19	-0.30	-0.19	-0.30	-0.44	-0.52	-0.57
	0.23	-0.64	-0.79	-0.46	-0.49	-0.44	-0.34	-0.41	-0.32	-0.21	-0.29	-0.16	-0.28	-0.41	-0.48	-0.51
	0.11	-0.67	-0.79	-0.49	-0.52	-0.51	-0.43	-0.51	-0.43	-0.32	-0.38	-0.26	-0.37	-0.49	-0.54	-0.56
	0.04	-0.68	-0.79	-0.54	-0.57	-0.62	-0.55	-0.63	-0.56	-0.45	-0.49	-0.34	-0.45	-0.54	-0.58	-0.59
	-0.02	-0.71	-0.79	-0.61	-0.66	-0.74	-0.66	-0.74	-0.68	-0.57	-0.59	-0.37	-0.47	-0.54	-0.56	-0.58
	-0.14	-0.75	-0.80	-0.70	-0.76	-0.85	-0.76	-0.83	-0.77	-0.66	-0.66	-0.37	-0.44	-0.50	-0.51	-0.53
	-0.20	-0.79	-0.82	-0.80	-0.85	-0.95	-0.83	-0.89	-0.83	-0.71	-0.70	-0.33	-0.37	-0.42	-0.42	-0.46
	-0.28	-0.83	-0.85	-0.89	-0.90	-0.99	-0.87	-0.91	-0.84	-0.71	-0.67	-0.24	-0.24	-0.29	-0.30	-0.33
	-0.39	-0.87	-0.85	-0.95	-0.91	-0.98	-0.87	-0.88	-0.81	-0.66	-0.59	-0.10	-0.07	-0.12	-0.15	-0.18
	-0.44	-0.89	-0.86	-0.98	-0.88	-0.93	-0.83	-0.78	-0.72	-0.55	-0.47	0.09	0.13	0.07	0.03	0.00
	-0.50	-0.91	-0.87	-0.99	-0.85	-0.89	-0.78	-0.70	-0.65	-0.46	-0.37	0.24	0.28	0.24	0.18	0.16
	-0.56	-0.91	-0.84	-0.95	-0.77	-0.77	-0.67	-0.57	-0.55	-0.35	-0.24	0.41	0.44	0.42	0.35	0.33
	-0.63	-0.89	-0.79	-0.87	-0.65	-0.61	-0.52	-0.41	-0.41	-0.21	-0.10	0.59	0.61	0.61	0.54	0.53
	-0.66	-0.86	-0.72	-0.78	-0.54	-0.48	-0.38	-0.28	-0.30	-0.10	-0.01	0.71	0.72	0.75	0.66	0.65
	-0.69	-0.82	-0.67	-0.70	-0.47	-0.37	-0.25	-0.15	-0.19	-0.01	0.07	0.84	0.81	0.88	0.78	0.75
	-0.68	-0.79	-0.64	-0.67	-0.46	-0.28	-0.15	-0.06	-0.09	0.06	0.12	0.96	0.89	0.98	0.88	0.85
	-0.55	-0.76	-0.61	-0.64	-0.45	-0.21	-0.08	0.00	-0.02	0.09	0.13	1.06	0.96	1.07	0.98	0.95
	-0.39	-0.75	-0.61	-0.63	-0.47	-0.19	-0.07	0.01	-0.00	0.06	0.09	1.12	1.00	1.11	1.04	1.00
	-0.24	-0.77	-0.65	-0.67	-0.52	-0.24	-0.12	-0.04	-0.05	-0.05	-0.03	1.12	1.00	1.11	1.04	1.00
	-0.14	-0.82	-0.73	-0.73	-0.60	-0.35	-0.23	-0.16	-0.16	-0.22	-0.21	1.07	0.96	1.05	1.00	0.95
	-0.07	-0.89	-0.83	-0.82	-0.70	-0.44	-0.33	-0.29	-0.26	-0.37	-0.38	1.03	0.93	1.00	0.95	0.92
	-0.11	-0.97	-0.94	-0.91	-0.80	-0.55	-0.44	-0.43	-0.39	-0.53	-0.56	0.95	0.87	0.91	0.89	0.87
	-0.15	-1.02	-1.00	-0.97	-0.91	-0.66	-0.56	-0.57	-0.52	-0.69	-0.74	0.84	0.77	0.79	0.80	0.81
	-0.21	-1.05	-1.05	-1.05	-1.02	-0.78	-0.69	-0.71	-0.68	-0.83	-0.89	0.73	0.67	0.70	0.74	0.76
	-0.19	-1.06	-1.05	-1.09	-1.11	-0.89	-0.82	-0.85	-0.82	-0.96	-1.00	0.65	0.61	0.64	0.71	0.75
	-0.20	-1.04	-1.03	-1.09	-1.14	-0.96	-0.92	-0.97	-0.93	-1.02	-1.03	0.63	0.62	0.64	0.73	0.78
	-0.23	-0.99	-1.00	-1.07	-1.13	-1.02	-1.03	-1.09	-1.00	-1.04	-1.03	0.63	0.65	0.67	0.77	0.82
	-0.32	-0.92	-0.95	-1.02	-1.09	-1.04	-1.08	-1.14	-1.01	-0.98	-0.97	0.67	0.71	0.72	0.82	0.86
	-0.31	-0.86	-0.87	-0.95	-1.01	-1.01	-1.08	-1.14	-0.96	-0.89	-0.90	0.72	0.78	0.79	0.89	0.93
	-0.25	-0.77	-0.78	-0.84	-0.90	-0.94	-1.05	-1.09	-0.88	-0.78	-0.80	0.78	0.85	0.86	0.97	1.01
	-0.31	-0.70	-0.72	-0.74	-0.81	-0.83	-0.97	-0.99	-0.77	-0.64	-0.64	0.89	0.96	0.97	1.06	1.10
	-0.31	-0.60	-0.62	-0.60	-0.66	-0.60	-0.77	-0.77	-0.56	-0.41	-0.39	1.08	1.15	1.16	1.24	1.27
	-0.36	-0.50	-0.52	-0.45	-0.50	-0.35	-0.53	-0.51	-0.33	-0.14	-0.12	1.28	1.33	1.35	1.40	1.43
	-0.33	-0.40	-0.41	-0.31	-0.38	-0.18	-0.34	-0.31	-0.14	0.06	0.07	1.40	1.43	1.45	1.49	1.50
	-0.09	-0.30	-0.32	-0.21	-0.28	-0.11	-0.25	-0.19	-0.05	0.15	0.16	1.41	1.42	1.47	1.49	1.49
	0.19	-0.22	-0.25	-0.13	-0.20	-0.07	-0.18	-0.10	0.02	0.18	0.20	1.39	1.38	1.45	1.47	1.46
	0.43	-0.18	-0.23	-0.10	-0.16	-0.08	-0.16	-0.04	0.06	0.18	0.23	1.36	1.34	1.43	1.43	1.41
	0.55	-0.19	-0.25	-0.11	-0.14	-0.06	-0.09	0.06	0.16	0.25	0.32	1.45	1.40	1.52	1.48	1.44
	0.64	-0.22	-0.32	-0.14	-0.14	-0.03	-0.01	0.16	0.24	0.31	0.40	1.53	1.47	1.57	1.50	1.44
	0.65	-0.26	-0.39	-0.19	-0.16	-0.01	0.07	0.26	0.32	0.36	0.47	1.60	1.53	1.62	1.49	1.41
	0.66	-0.29	-0.44	-0.25	-0.18	0.04	0.16	0.36	0.41	0.42	0.53	1.64	1.54	1.60	1.43	1.35
	0.57	-0.34	-0.48	-0.29	-0.17	0.14	0.29	0.46	0.48	0.49	0.56	1.66	1.51	1.55	1.35	1.27
	0.43	-0.41	-0.53	-0.36	-0.20	0.16	0.33	0.46	0.43	0.43	0.46	1.54	1.36	1.38	1.17	1.10
	0.22	-0.50	-0.60	-0.44	-0.25	0.10	0.28	0.33	0.26	0.26	0.24	1.30	1.10	1.12	0.91	0.85
	0.21	-0.59	-0.66	-0.50	-0.30	0.01	0.16	0.14	0.03	-0.01	-0.05	1.00	0.82	0.84	0.66	0.61
	0.25	-0.66	-0.72	-0.57	-0.37	-0.17	-0.04	-0.13	-0.28	-0.35	-0.41	0.65	0.52	0.54	0.38	0.35
	0.30	-0.71	-0.78	-0.66	-0.49	-0.48	-0.39	-0.51	-0.69	-0.79	-0.85	0.24	0.17	0.20	0.08	0.06
	0.26	-0.75	-0.84	-0.76	-0.65	-0.86	-0.80	-0.93	-1.12	-1.23	-1.29	-0.12	-0.14	-0.09	-0.19	-0.18
	0.00	-0.79	-0.90	-0.87	-0.82	-1.22	-1.17	-1.29	-1.49	-1.59	-1.63	-0.38	-0.35	-0.30	-0.38	-0.36
	-0.33	-0.81	-0.95	-0.97	-0.98	-1.49	-1.47	-1.58	-1.79	-1.85	-1.87	-0.56	-0.51	-0.46	-0.52	-0.51
	-0.57	-0.82	-0.98	-1.02	-1.07	-1.69	-1.68	-1.76	-1.97	-2.00	-2.00	-0.66	-0.61	-0.56	-0.61	-0.60
	-0.85	-0.81	-0.99	-1.01	-1.10	-1.81	-1.79	-1.86	-2.03	-2.04	-2.01	-0.68	-0.63	-0.61	-0.64	-0.64
	-1.35	-0.83	-1.00	-0.99	-1.09	-1.85	-1.83	-1.87	-1.99	-1.96	-1.91	-0.62	-0.58	-0.58	-0.58	-0.59
	-1.64	-0.84	-0.99	-0.96	-1.03	-1.78	-1.75	-1.79	-1.85	-1.79	-1.74	-0.51	-0.48	-0.50	-0.47	-0.48
	-1.74	-0.85	-0.98	-0.91	-0.97	-1.65	-1.60	-1.65	-1.67	-1.58	-1.52	-0.38	-0.36	-0.40	-0.35	-0.36
	-1.74	-0.85	-0.95	-0.87	-0.89	-1.54	-1.49	-1.53	-1.53	-1.42	-1.33	-0.30	-0.28	-0.34	-0.27	-0.29
	-1.59	-0.85	-0.92	-0.83	-0.82	-1.42	-1.35	-1.39	-1.37	-1.25	-1.14	-0.20	-0.19	-0.26	-0.18	-0.20
	-1.45	-0.82	-0.86	-0.78	-0.75	-1.31	-1.22	-1.25	-1.23	-1.11	-0.97	-0.12	-0.10	-0.17	-0.10	-0.13
	-1.32	-0.78	-0.79	-0.71	-0.69	-1.18	-1.07	-1.09	-1.06	-0.93	-0.79	-0.01	0.03	-0.05	0.02	-0.02
	-1.17	-0.72	-0.70	-0.64	-0.64	-1.00	-0.88	-0.89	-0.86	-0.74	-0.59	0.19	0.25	0.16	0.22	0.18
	-1.03	-0.65	-0.62	-0.55	-0.57	-0.81	-0.69	-0.70	-0.68	-0.58	-0.42	0.37	0.43	0.34	0.39	0.34
	-0.95	-0.58	-0.54	-0.48	-0.52	-0.63	-0.51	-0.52	-0.52	-0.46	-0.30	0.51	0.55	0.45	0.49	0.45
	-0.97	-0.53	-0.48	-0.42	-0.47	-0.54	-0.43	-0.44	-0.46	-0.46	-0.30	0.51	0.55	0.44	0.47	0.44
	-0.87	-0.48	-0.40	-0.36	-0.41	-0.43	-0.36	-0.37	-0.43	-0.48	-0.33	0.50	0.52	0.41	0.43	0.43
	-0.68	-0.42	-0.34	-0.32	-0.36	-0.34	-0.29	-0.32	-0.43	-0.53	-0.37	0.47	0.49	0.38	0.41	0.42
	-0.42	-0.38	-0.31	-0.30	-0.35	-0.31	-0.29	-0.33	-0.49	-0.63	-0.47	0.40	0.42	0.31	0.36	0.37
	-0.12	-0.35	-0.31	-0.31	-0.33	-0.32	-0.34	-0.37	-0.57	-0.74	-0.59	0.30	0.32	0.24	0.29	0.31
	0.27	-0.32	-0.34	-0.36	-0.36	-0.40	-0.43	-0.43	-0.64	-0.83	-0.69	0.21	0.22	0.16	0.22	0.24
	0.57	-0.32	-0.39	-0.43	-0.42	-0.49	-0.52	-0.47	-0.68	-0.88	-0.74	0.14	0.14	0.11	0.17	0.19
	0.74	-0.35	-0.44	-0.51	-0.50	-0.57	-0.59	-0.50	-0.71	-0.88	-0.75	0.07	0.05	0.05	0.09	0.12
	0.62	-0.40	-0.51	-0.60	-0.60	-0.63	-0.62	-0.51	-0.69	-0.84	-0.73	0.02	-0.00	-0.01	0.02	0.04
	0.33	-0.45	-0.54	-0.66	-0.66	-0.64	-0.60	-0.49	-0.64	-0.73	-0.66	-0.00	-0.03	-0.06	-0.05	-0.03
	0.00	-0.49	-0.55	-0.66	-0.64	-0.65	-0.58	-0.46	-0.57	-0.59	-0.56	-0.01	-0.04	-0.12	-0.12	-0.09
	-0.33	-0.54	-0.53	-0.65	-0.60	-0.64	-0.52	-0.41	-0.48	-0.45	-0.45	0.02	-0.02	-0.15	-0.17	-0.14
	-0.56	-0.54	-0.47	-0.60	-0.52	-0.55	-0.41	-0.32	-0.36	-0.30	-0.33	0.06	0.02	-0.15	-0.20	-0.17
	-0.52	-0.50	-0.39	-0.53	-0.43	-0.45	-0.29	-0.24	-0.23	-0.16	-0.21	0.11	0.09	-0.11	-0.18	-0.16
	-0.39	-0.44	-0.30	-0.44	-0.35	-0.36	-0.19	-0.16	-0.10	-0.04	-0.10	0.26	0.26	0.04	-0.04	-0.04
	-0.21	-0.41	-0.25	-0.40	-0.34	-0.31	-0.13	-0.11	-0.00	0.04	-0.03	0.41	0.42	0.19	0.09	0.06
	-0.01	-0.38	-0.25	-0.39	-0.36	-0.30	-0.11	-0.11	0.02	0.04	-0.02	0.52	0.53	0.30	0.18	0.15
	0.15	-0.37	-0.27	-0.43	-0.44	-0.38	-0.19	-0.18	-0.02	-0.04	-0.09	0.57	0.58	0.36	0.25	0.22
	0.23	-0.34	-0.29	-0.48	-0.56	-0.47	-0.26	-0.25	-0.08	-0.12	-0.16	0.61	0.61	0.43	0.33	0.31
	0.28	-0.30	-0.30	-0.51	-0.64	-0.54	-0.34	-0.33	-0.18	-0.26	-0.28	0.59	0.59	0.45	0.35	0.34
	0.34	-0.25	-0.28	-0.47	-0.63	-0.49	-0.32	-0.33	-0.20	-0.32	-0.33	0.62	0.61	0.52	0.43	0.42
	0.39	-0.19	-0.25	-0.42	-0.56	-0.40	-0.26	-0.29	-0.18	-0.32	-0.32	0.69	0.67	0.61	0.53	0.52
	0.53	-0.14	-0.23	-0.38	-0.50	-0.30	-0.20	-0.23	-0.14	-0.28	-0.27	0.76	0.73	0.69	0.62	0.60
	0.57	-0.11	-0.21	-0.35	-0.45	-0.23	-0.16	-0.20	-0.12	-0.21	-0.21	0.81	0.76	0.75	0.67	0.65
	0.56	-0.10	-0.21	-0.33	-0.42	-0.21	-0.19	-0.24	-0.15	-0.20	-0.19	0.80	0.72	0.75	0.65	0.63
	0.50	-0.10	-0.19	-0.32	-0.39	-0.22	-0.21	-0.26	-0.17	-0.20	-0.18	0.76	0.69	0.76	0.63	0.61
	0.48	-0.09	-0.17	-0.29	-0.34	-0.18	-0.16	-0.22	-0.14	-0.16	-0.15	0.75	0.68	0.76	0.62	0.59
	0.48	-0.08	-0.14	-0.24	-0.29	-0.13	-0.12	-0.17	-0.10	-0.12	-0.12	0.74	0.67	0.76	0.60	0.57
	0.52	-0.08	-0.14	-0.21	-0.24	-0.04	-0.03	-0.08	-0.03	-0.06	-0.06	0.79	0.74	0.83	0.67	0.63
	0.64	-0.08	-0.13	-0.18	-0.21	0.05	0.05	-0.02	0.01	-0.01	0.00	0.83	0.80	0.86	0.70	0.66
	0.85	-0.07	-0.11	-0.15	-0.19	0.10	0.10	0.02	0.04	0.02	0.05	0.84	0.83	0.87	0.73	0.68
	1.09	-0.04	-0.08	-0.11	-0.14	0.19	0.19	0.10	0.11	0.10	0.14	0.87	0.87	0.86	0.73	0.68
	1.19	-0.04	-0.07	-0.08	-0.10	0.23	0.23	0.15	0.14	0.13	0.18	0.83	0.81	0.77	0.66	0.61
	1.13	-0.06	-0.08	-0.06	-0.06	0.21	0.22	0.16	0.14	0.12	0.16	0.71	0.66	0.59	0.48	0.43
	1.00	-0.08	-0.08	-0.04	-0.04	0.17	0.19	0.16	0.14	0.10	0.12	0.55	0.48	0.38	0.28	0.23
	0.90	-0.09	-0.08	-0.00	0.00	0.13	0.16	0.18	0.14	0.10	0.10	0.39	0.30	0.20	0.12	0.06
	0.76	-0.10	-0.08	0.03	0.01	0.08	0.09	0.14	0.07	0.05	0.05	0.21	0.12	0.03	-0.04	-0.10
	0.54	-0.11	-0.10	0.03	-0.04	-0.02	-0.02	0.03	-0.07	-0.06	-0.05	0.05	-0.05	-0.12	-0.17	-0.23
	0.38	-0.12	-0.14	0.00	-0.10	-0.08	-0.11	-0.05	-0.19	-0.17	-0.14	-0.09	-0.19	-0.23	-0.26	-0.32
	0.22	-0.12	-0.16	-0.03	-0.18	-0.15	-0.20	-0.15	-0.32	-0.30	-0.23	-0.20	-0.31	-0.33	-0.34	-0.39
	0.19	-0.10	-0.18	-0.10	-0.27	-0.23	-0.30	-0.27	-0.46	-0.45	-0.35	-0.30	-0.40	-0.42	-0.40	-0.46
	0.05	-0.11	-0.22	-0.18	-0.38	-0.33	-0.39	-0.38	-0.58	-0.58	-0.45	-0.38	-0.45	-0.47	-0.44	-0.50
	-0.12	-0.14	-0.27	-0.28	-0.49	-0.45	-0.51	-0.51	-0.70	-0.71	-0.56	-0.40	-0.46	-0.48	-0.44	-0.50
	-0.29	-0.17	-0.32	-0.39	-0.60	-0.63	-0.69	-0.70	-0.88	-0.87	-0.70	-0.46	-0.51	-0.51	-0.46	-0.52
	-0.48	-0.20	-0.37	-0.48	-0.67	-0.76	-0.83	-0.84	-1.00	-0.97	-0.80	-0.49	-0.52	-0.50	-0.44	-0.49
	-0.66	-0.21	-0.38	-0.55	-0.71	-0.84	-0.91	-0.92	-1.07	-1.03	-0.86	-0.50	-0.53	-0.47	-0.39	-0.43
	-0.92	-0.22	-0.39	-0.58	-0.72	-0.86	-0.93	-0.95	-1.10	-1.03	-0.87	-0.50	-0.51	-0.43	-0.33	-0.36
	-1.13	-0.23	-0.38	-0.60	-0.69	-0.80	-0.88	-0.90	-1.08	-0.99	-0.83	-0.46	-0.48	-0.39	-0.29	-0.30
	-1.24	-0.23	-0.35	-0.58	-0.63	-0.68	-0.77	-0.80	-1.02	-0.91	-0.77	-0.41	-0.43	-0.36	-0.27	-0.26
	-1.32	-0.24	-0.33	-0.55	-0.54	-0.59	-0.70	-0.74	-0.97	-0.84	-0.74	-0.42	-0.43	-0.38	-0.31	-0.28
	-1.34	-0.26	-0.33	-0.54	-0.48	-0.55	-0.67	-0.71	-0.92	-0.79	-0.72	-0.47	-0.49	-0.47	-0.42	-0.38
	-1.25	-0.29	-0.34	-0.56	-0.45	-0.54	-0.65	-0.68	-0.88	-0.75	-0.74	-0.57	-0.59	-0.60	-0.57	-0.54
	-1.11	-0.31	-0.37	-0.62	-0.44	-0.53	-0.64	-0.67	-0.86	-0.73	-0.77	-0.70	-0.75	-0.76	-0.75	-0.72
	-1.03	-0.34	-0.42	-0.69	-0.48	-0.56	-0.66	-0.69	-0.86	-0.75	-0.85	-0.86	-0.91	-0.94	-0.95	-0.92
	-0.83	-0.35	-0.47	-0.73	-0.50	-0.56	-0.67	-0.72	-0.87	-0.79	-0.92	-0.99	-1.06	-1.10	-1.09	-1.06
	-0.75	-0.36	-0.51	-0.77	-0.55	-0.60	-0.72	-0.77	-0.90	-0.84	-1.00	-1.12	-1.19	-1.24	-1.23	-1.19
	-0.80	-0.39	-0.55	-0.81	-0.62	-0.68	-0.80	-0.88	-0.98	-0.95	-1.12	-1.28	-1.34	-1.39	-1.38	-1.33
	-0.90	-0.40	-0.56	-0.80	-0.64	-0.71	-0.82	-0.91	-1.00	-1.00	-1.16	-1.33	-1.37	-1.41	-1.42	-1.36
	-0.96	-0.40	-0.54	-0.77	-0.63	-0.71	-0.80	-0.90	-0.96	-0.98	-1.10	-1.24	-1.26	-1.28	-1.31	-1.25
	-1.01	-0.38	-0.50	-0.68	-0.59	-0.69	-0.76	-0.85	-0.89	-0.93	-1.01	-1.08	-1.09	-1.09	-1.13	-1.08
	-1.04	-0.35	-0.46	-0.58	-0.52	-0.62	-0.69	-0.78	-0.79	-0.84	-0.90	-0.88	-0.89	-0.85	-0.91	-0.86
	-1.01	-0.32	-0.43	-0.50	-0.48	-0.58	-0.67	-0.75	-0.74	-0.78	-0.83	-0.73	-0.76	-0.67	-0.74	-0.70
	-0.86	-0.27	-0.38	-0.41	-0.42	-0.52	-0.62	-0.71	-0.67	-0.73	-0.77	-0.64	-0.68	-0.56	-0.64	-0.60
	-0.69	-0.23	-0.32	-0.35	-0.38	-0.46	-0.55	-0.66	-0.59	-0.68	-0.70	-0.54	-0.58	-0.45	-0.55	-0.51
	-0.52	-0.18	-0.26	-0.29	-0.35	-0.37	-0.45	-0.56	-0.49	-0.59	-0.59	-0.40	-0.44	-0.31	-0.43	-0.40
	-0.43	-0.15	-0.22	-0.23	-0.31	-0.24	-0.32	-0.43	-0.36	-0.47	-0.44	-0.24	-0.29	-0.18	-0.32	-0.29
	-0.43	-0.13	-0.20	-0.20	-0.28	-0.14	-0.19	-0.30	-0.25	-0.38	-0.33	-0.12	-0.17	-0.08	-0.21	-0.19
	-0.37	-0.13	-0.19	-0.19	-0.27	-0.04	-0.06	-0.18	-0.16	-0.31	-0.24	-0.02	-0.06	0.02	-0.10	-0.09
	-0.31	-0.17	-0.21	-0.25	-0.30	-0.06	-0.08	-0.20	-0.22	-0.38	-0.29	-0.01	-0.04	0.04	-0.06	-0.04
	-0.27	-0.24	-0.27	-0.33	-0.36	-0.12	-0.13	-0.27	-0.31	-0.47	-0.36	-0.01	-0.04	0.04	-0.03	0.00
	-0.20	-0.31	-0.32	-0.43	-0.42	-0.18	-0.18	-0.31	-0.38	-0.52	-0.39	0.02	0.00	0.08	0.03	0.06
	-0.05	-0.38	-0.38	-0.51	-0.47	-0.26	-0.26	-0.38	-0.45	-0.57	-0.42	0.05	0.07	0.13	0.10	0.14
	0.04	-0.43	-0.45	-0.58	-0.50	-0.37	-0.37	-0.47	-0.54	-0.63	-0.46	0.07	0.11	0.15	0.15	0.18
	0.03	-0.48	-0.50	-0.63	-0.55	-0.45	-0.45	-0.52	-0.57	-0.62	-0.43	0.16	0.21	0.25	0.26	0.28
	-0.15	-0.52	-0.54	-0.66	-0.57	-0.48	-0.46	-0.50	-0.55	-0.54	-0.33	0.28	0.35	0.38	0.40	0.42
	-0.38	-0.54	-0.54	-0.64	-0.56	-0.44	-0.40	-0.43	-0.45	-0.40	-0.18	0.43	0.50	0.52	0.55	0.56
	-0.59	-0.54	-0.52	-0.53	-0.46	-0.26	-0.22	-0.23	-0.23	-0.14	0.09	0.63	0.72	0.73	0.74	0.75
	-0.65	-0.50	-0.46	-0.39	-0.33	-0.04	0.01	0.03	0.03	0.16	0.40	0.81	0.92	0.92	0.90	0.89
	-0.55	-0.41	-0.37	-0.23	-0.19	0.18	0.23	0.24	0.27	0.43	0.68	0.95	1.06	1.06	1.00	0.96
	-0.33	-0.30	-0.21	-0.01	-0.01	0.44	0.48	0.49	0.54	0.71	0.97	1.07	1.16	1.14	1.04	0.98
	-0.18	-0.19	-0.05	0.20	0.13	0.65	0.68	0.68	0.77	0.91	1.16	1.12	1.17	1.11	0.98	0.89
	0.03	-0.06	0.12	0.38	0.28	0.81	0.83	0.85	0.94	1.04	1.25	1.10	1.10	1.00	0.87	0.76
	0.24	0.07	0.27	0.55	0.43	0.96	0.97	1.00	1.09	1.11	1.28	1.06	1.02	0.88	0.76	0.65
	0.45	0.21	0.40	0.71	0.56	1.10	1.09	1.11	1.17	1.11	1.24	0.99	0.92	0.77	0.66	0.55
	0.66	0.35	0.53	0.86	0.70	1.20	1.15	1.13	1.15	1.02	1.10	0.87	0.78	0.63	0.53	0.43
	0.88	0.46	0.63	0.96	0.80	1.20	1.11	1.04	1.02	0.84	0.88	0.70	0.60	0.46	0.37	0.29
	1.00	0.55	0.69	0.98	0.78	1.03	0.90	0.81	0.74	0.55	0.56	0.44	0.34	0.23	0.15	0.08
	1.14	0.60	0.70	0.94	0.69	0.76	0.61	0.51	0.40	0.22	0.23	0.16	0.07	-0.03	-0.09	-0.16
	1.19	0.61	0.65	0.81	0.52	0.43	0.26	0.16	0.02	-0.13	-0.13	-0.16	-0.25	-0.36	-0.39	-0.46
	1.11	0.57	0.57	0.66	0.31	0.06	-0.14	-0.23	-0.37	-0.52	-0.50	-0.52	-0.61	-0.73	-0.73	-0.79
	0.96	0.48	0.45	0.46	0.09	-0.29	-0.51	-0.57	-0.71	-0.86	-0.83	-0.85	-0.93	-1.02	-1.00	-1.06
	0.82	0.37	0.33	0.25	-0.13	-0.60	-0.80	-0.84	-0.96	-1.13	-1.07	-1.09	-1.15	-1.21	-1.18	-1.24
	0.61	0.24	0.20	0.04	-0.33	-0.81	-0.99	-1.02	-1.11	-1.30	-1.22	-1.25	-1.31	-1.33	-1.29	-1.36
	0.39	0.11	0.08	-0.14	-0.48	-0.92	-1.08	-1.10	-1.19	-1.39	-1.27	-1.31	-1.39	-1.40	-1.34	-1.41
	0.02	-0.01	-0.04	-0.31	-0.61	-0.98	-1.13	-1.15	-1.23	-1.44	-1.28	-1.33	-1.43	-1.43	-1.37	-1.44
	-0.37	-0.10	-0.14	-0.43	-0.70	-0.98	-1.10	-1.13	-1.21	-1.41	-1.24	-1.27	-1.39	-1.42	-1.34	-1.42
	-0.69	-0.15	-0.20	-0.48	-0.71	-0.88	-0.99	-1.03	-1.13	-1.33	-1.16	-1.17	-1.32	-1.36	-1.31	-1.39
	-0.87	-0.15	-0.22	-0.46	-0.66	-0.73	-0.84	-0.92	-1.05	-1.25	-1.08	-1.11	-1.28	-1.33	-1.28	-1.35
	-1.02	-0.13	-0.18	-0.39	-0.55	-0.59	-0.70	-0.82	-0.98	-1.17	-1.02	-1.08	-1.25	-1.29	-1.24	-1.29
	-1.09	-0.09	-0.11	-0.29	-0.44	-0.53	-0.64	-0.76	-0.95	-1.13	-0.98	-1.10	-1.25	-1.27	-1.23	-1.25
	-1.11	-0.04	-0.02	-0.16	-0.34	-0.46	-0.58	-0.69	-0.90	-1.05	-0.91	-1.10	-1.22	-1.21	-1.17	-1.17
	-1.02	0.02	0.06	-0.05	-0.24	-0.39	-0.53	-0.61	-0.82	-0.94	-0.80	-1.07	-1.14	-1.10	-1.07	-1.05
	-1.00	0.07	0.11	0.02	-0.17	-0.33	-0.48	-0.53	-0.73	-0.82	-0.67	-1.02	-1.04	-0.97	-0.94	-0.91
	-1.07	0.11	0.12	0.06	-0.14	-0.32	-0.45	-0.45	-0.65	-0.71	-0.54	-0.95	-0.93	-0.84	-0.81	-0.77
	-1.16	0.13	0.12	0.08	-0.11	-0.26	-0.34	-0.31	-0.48	-0.53	-0.35	-0.81	-0.77	-0.68	-0.65	-0.60
	-1.23	0.15	0.10	0.09	-0.09	-0.23	-0.26	-0.20	-0.34	-0.37	-0.18	-0.67	-0.62	-0.54	-0.51	-0.45
	-1.27	0.14	0.08	0.10	-0.05	-0.21	-0.17	-0.10	-0.20	-0.23	-0.03	-0.54	-0.49	-0.42	-0.40	-0.33
	-1.20	0.13	0.06	0.11	0.01	-0.16	-0.07	-0.01	-0.10	-0.15	0.05	-0.46	-0.43	-0.38	-0.36	-0.30
	-1.00	0.15	0.05	0.13	0.07	-0.14	-0.03	0.04	-0.07	-0.15	0.04	-0.43	-0.42	-0.39	-0.37	-0.31
	-0.78	0.16	0.06	0.15	0.13	-0.11	0.01	0.10	-0.02	-0.14	0.01	-0.44	-0.46	-0.43	-0.39	-0.35
	-0.45	0.18	0.05	0.18	0.20	-0.06	0.07	0.19	0.05	-0.11	-0.00	-0.46	-0.49	-0.45	-0.40	-0.39
	-0.22	0.16	0.02	0.16	0.21	-0.04	0.10	0.24	0.10	-0.12	-0.07	-0.54	-0.61	-0.55	-0.48	-0.48
	0.01	0.11	-0.04	0.09	0.17	-0.05	0.09	0.24	0.08	-0.18	-0.20	-0.66	-0.74	-0.65	-0.57	-0.57
	0.14	0.05	-0.11	0.01	0.12	-0.01	0.11	0.24	0.08	-0.21	-0.28	-0.74	-0.82	-0.69	-0.59	-0.58
	0.25	0.00	-0.17	-0.06	0.08	0.03	0.13	0.22	0.05	-0.26	-0.35	-0.82	-0.87	-0.71	-0.58	-0.58
	0.38	-0.01	-0.20	-0.11	0.02	-0.04	0.03	0.07	-0.11	-0.41	-0.49	-0.95	-0.96	-0.79	-0.65	-0.65
	0.54	0.00	-0.20	-0.14	-0.02	-0.14	-0.11	-0.10	-0.28	-0.53	-0.60	-1.08	-1.07	-0.90	-0.74	-0.75
	0.65	0.05	-0.16	-0.14	-0.04	-0.19	-0.19	-0.18	-0.37	-0.54	-0.58	-1.12	-1.09	-0.93	-0.78	-0.79
	0.76	0.13	-0.07	-0.09	-0.03	-0.17	-0.20	-0.16	-0.35	-0.44	-0.42	-1.08	-1.05	-0.91	-0.79	-0.80
	0.86	0.21	0.02	-0.02	0.03	-0.07	-0.12	-0.06	-0.23	-0.26	-0.22	-1.04	-1.03	-0.91	-0.83	-0.83
	0.91	0.31	0.13	0.09	0.13	0.13	0.08	0.14	-0.01	0.01	0.06	-0.97	-0.97	-0.87	-0.83	-0.83
	0.89	0.39	0.24	0.22	0.28	0.38	0.31	0.38	0.26	0.29	0.35	-0.87	-0.88	-0.83	-0.81	-0.81
	0.85	0.46	0.36	0.38	0.44	0.64	0.56	0.65	0.53	0.55	0.59	-0.82	-0.81	-0.79	-0.79	-0.78
	0.93	0.54	0.52	0.56	0.62	0.87	0.79	0.88	0.77	0.75	0.76	-0.80	-0.77	-0.77	-0.77	-0.76
	1.01	0.60	0.64	0.73	0.80	1.08	0.99	1.06	0.95	0.89	0.88	-0.79	-0.76	-0.76	-0.75	-0.73
	1.18	0.65	0.73	0.85	0.92	1.15	1.04	1.09	0.98	0.88	0.85	-0.74	-0.69	-0.68	-0.66	-0.63
	1.29	0.67	0.78	0.92	0.97	1.08	0.98	1.00	0.88	0.76	0.71	-0.73	-0.66	-0.64	-0.60	-0.55
	1.33	0.68	0.80	0.94	0.95	0.95	0.89	0.88	0.78	0.66	0.59	-0.68	-0.60	-0.57	-0.50	-0.45
	1.43	0.69	0.81	0.90	0.88	0.80	0.76	0.75	0.67	0.57	0.48	-0.62	-0.53	-0.46	-0.37	-0.32
	1.51	0.68	0.80	0.84	0.78	0.64	0.61	0.60	0.56	0.48	0.38	-0.57	-0.46	-0.36	-0.25	-0.19
	1.52	0.64	0.75	0.74	0.67	0.48	0.46	0.48	0.48	0.42	0.30	-0.51	-0.38	-0.25	-0.12	-0.05
	1.38	0.59	0.69	0.65	0.56	0.31	0.27	0.33	0.35	0.31	0.19	-0.50	-0.35	-0.17	-0.03	0.07
	1.07	0.54	0.62	0.58	0.49	0.19	0.14	0.23	0.25	0.24	0.14	-0.47	-0.29	-0.06	0.10	0.20
	0.80	0.48	0.56	0.52	0.44	0.14	0.10	0.23	0.24	0.24	0.18	-0.39	-0.18	0.09	0.28	0.39
	0.58	0.43	0.52	0.50	0.45	0.17	0.15	0.33	0.34	0.35	0.33	-0.21	0.01	0.29	0.49	0.61
	0.44	0.38	0.48	0.50	0.48	0.29	0.27	0.50	0.52	0.55	0.56	0.03	0.24	0.52	0.71	0.82
	0.33	0.35	0.45	0.50	0.50	0.36	0.37	0.63	0.70	0.73	0.77	0.26	0.45	0.70	0.87	0.95
	0.21	0.34	0.45	0.53	0.55	0.46	0.50	0.81	0.91	0.94	0.99	0.52	0.66	0.88	1.00	1.06
	0.09	0.34	0.46	0.56	0.61	0.59	0.65	0.98	1.10	1.12	1.17	0.73	0.81	0.98	1.04	1.09
	-0.01	0.36	0.50	0.63	0.71	0.82	0.90	1.23	1.34	1.34	1.36	0.94	0.95	1.07	1.07	1.10
	-0.02	0.39	0.56	0.74	0.83	1.10	1.15	1.47	1.54	1.50	1.49	1.06	1.01	1.08	1.02	1.03
	0.15	0.46	0.67	0.91	0.99	1.38	1.41	1.70	1.70	1.62	1.57	1.12	1.01	1.04	0.91	0.89
	0.56	0.55	0.76	1.03	1.08	1.56	1.59	1.82	1.75	1.62	1.52	1.10	0.95	0.94	0.75	0.70
	1.05	0.65	0.83	1.07	1.08	1.59	1.60	1.79	1.64	1.49	1.36	0.94	0.77	0.74	0.49	0.42
	1.46	0.71	0.85	1.03	1.00	1.44	1.42	1.58	1.38	1.21	1.06	0.64	0.47	0.41	0.15	0.07
	1.74	0.74	0.82	0.94	0.87	1.14	1.09	1.22	1.00	0.83	0.65	0.25	0.09	-0.00	-0.25	-0.34
	1.81	0.72	0.74	0.76	0.67	0.78	0.68	0.78	0.55	0.36	0.19	-0.18	-0.31	-0.44	-0.66	-0.76
	1.65	0.65	0.62	0.57	0.46	0.41	0.27	0.32	0.11	-0.11	-0.27	-0.56	-0.68	-0.82	-1.01	-1.09
	1.40	0.58	0.49	0.39	0.26	0.03	-0.17	-0.15	-0.35	-0.58	-0.70	-0.91	-1.01	-1.15	-1.29	-1.36
	1.11	0.51	0.37	0.24	0.08	-0.32	-0.56	-0.60	-0.77	-0.99	-1.09	-1.19	-1.27	-1.38	-1.48	-1.52
	0.83	0.45	0.26	0.12	-0.07	-0.59	-0.85	-0.93	-1.10	-1.28	-1.35	-1.37	-1.41	-1.49	-1.55	-1.58
	0.61	0.39	0.17	0.02	-0.19	-0.84	-1.10	-1.20	-1.35	-1.46	-1.53	-1.47	-1.47	-1.54	-1.56	-1.58
	0.40	0.36	0.10	-0.05	-0.27	-1.02	-1.26	-1.36	-1.48	-1.54	-1.59	-1.45	-1.44	-1.52	-1.52	-1.53
	0.11	0.33	0.07	-0.09	-0.33	-1.14	-1.34	-1.43	-1.52	-1.54	-1.58	-1.35	-1.33	-1.43	-1.41	-1.43
	-0.10	0.32	0.05	-0.11	-0.34	-1.13	-1.31	-1.38	-1.45	-1.45	-1.47	-1.20	-1.18	-1.30	-1.27	-1.29
	-0.27	0.36	0.08	-0.09	-0.31	-1.01	-1.16	-1.24	-1.28	-1.28	-1.31	-1.04	-1.03	-1.17	-1.12	-1.15
	-0.40	0.43	0.15	-0.02	-0.23	-0.83	-0.96	-1.05	-1.08	-1.07	-1.10	-0.86	-0.86	-0.99	-0.94	-0.96
	-0.42	0.51	0.23	0.07	-0.13	-0.60	-0.73	-0.84	-0.87	-0.85	-0.90	-0.69	-0.70	-0.81	-0.76	-0.79
	-0.32	0.59	0.35	0.17	-0.00	-0.37	-0.52	-0.63	-0.69	-0.66	-0.73	-0.57	-0.57	-0.66	-0.62	-0.65
	-0.16	0.67	0.46	0.27	0.11	-0.18	-0.36	-0.46	-0.53	-0.50	-0.58	-0.49	-0.47	-0.54	-0.52	-0.56
	0.10	0.74	0.56	0.37	0.23	-0.07	-0.26	-0.34	-0.44	-0.40	-0.49	-0.47	-0.44	-0.50	-0.50	-0.56
	0.32	0.77	0.64	0.44	0.33	-0.03	-0.23	-0.28	-0.39	-0.37	-0.47	-0.53	-0.50	-0.53	-0.56	-0.62
	0.48	0.79	0.70	0.51	0.41	-0.02	-0.23	-0.23	-0.36	-0.37	-0.47	-0.63	-0.60	-0.61	-0.65	-0.71
	0.50	0.77	0.73	0.54	0.47	-0.02	-0.23	-0.20	-0.33	-0.39	-0.49	-0.75	-0.74	-0.71	-0.76	-0.81
	0.48	0.72	0.73	0.54	0.49	-0.03	-0.25	-0.19	-0.33	-0.44	-0.53	-0.88	-0.89	-0.83	-0.89	-0.94
	0.34	0.63	0.67	0.49	0.48	-0.05	-0.28	-0.22	-0.35	-0.49	-0.58	-1.00	-1.00	-0.91	-0.98	-1.01
	0.17	0.55	0.60	0.45	0.44	-0.08	-0.31	-0.25	-0.36	-0.54	-0.64	-1.10	-1.09	-0.97	-1.03	-1.04
	0.05	0.49	0.54	0.43	0.42	-0.09	-0.31	-0.25	-0.33	-0.52	-0.61	-1.07	-1.06	-0.91	-0.97	-0.97
	0.07	0.45	0.49	0.42	0.39	-0.10	-0.32	-0.25	-0.30	-0.49	-0.57	-0.99	-0.97	-0.82	-0.87	-0.85
	0.14	0.44	0.43	0.40	0.36	-0.07	-0.29	-0.21	-0.22	-0.42	-0.51	-0.82	-0.80	-0.66	-0.68	-0.65
	0.09	0.42	0.38	0.38	0.33	-0.00	-0.23	-0.14	-0.12	-0.33	-0.43	-0.60	-0.56	-0.45	-0.46	-0.41
	-0.03	0.39	0.36	0.38	0.31	0.09	-0.14	-0.05	-0.01	-0.22	-0.31	-0.35	-0.29	-0.22	-0.21	-0.16
	-0.13	0.38	0.34	0.37	0.25	0.15	-0.08	0.02	0.09	-0.10	-0.18	-0.09	-0.01	0.03	0.03	0.08
	-0.20	0.38	0.32	0.34	0.19	0.16	-0.03	0.06	0.17	0.00	-0.03	0.14	0.24	0.24	0.26	0.29
	-0.27	0.38	0.28	0.27	0.10	0.14	-0.02	0.03	0.19	0.07	0.07	0.28	0.42	0.38	0.40	0.43
	-0.32	0.37	0.25	0.21	0.03	0.10	-0.03	0.00	0.20	0.13	0.14	0.37	0.53	0.47	0.49	0.51
	-0.25	0.37	0.22	0.17	-0.02	0.07	-0.02	-0.01	0.21	0.20	0.19	0.41	0.60	0.51	0.52	0.54
	-0.07	0.37	0.19	0.13	-0.05	0.10	0.06	0.03	0.25	0.29	0.26	0.46	0.65	0.55	0.56	0.58
	0.11	0.38	0.17	0.11	-0.05	0.12	0.12	0.08	0.27	0.35	0.31	0.49	0.68	0.56	0.57	0.59
	0.23	0.38	0.16	0.09	-0.02	0.16	0.19	0.13	0.30	0.41	0.37	0.55	0.75	0.61	0.62	0.65
	0.23	0.38	0.15	0.06	0.01	0.18	0.25	0.18	0.32	0.44	0.39	0.59	0.78	0.63	0.62	0.66
	0.21	0.37	0.15	0.07	0.06	0.21	0.30	0.21	0.33	0.44	0.38	0.61	0.77	0.61	0.57	0.62
	0.29	0.36	0.16	0.10	0.12	0.21	0.32	0.20	0.30	0.41	0.32	0.57	0.71	0.54	0.48	0.52
	0.32	0.34	0.15	0.11	0.19	0.20	0.32	0.18	0.27	0.37	0.25	0.52	0.63	0.44	0.38	0.41
	0.34	0.31	0.15	0.12	0.22	0.14	0.28	0.14	0.21	0.31	0.14	0.41	0.50	0.30	0.24	0.26
	0.46	0.30	0.16	0.12	0.22	0.04	0.17	0.06	0.11	0.17	-0.03	0.24	0.32	0.13	0.08	0.11
	0.65	0.32	0.19	0.14	0.24	-0.03	0.07	-0.01	0.03	0.04	-0.18	0.09	0.18	0.02	-0.00	0.02
	0.77	0.35	0.23	0.17	0.26	-0.08	0.01	-0.07	-0.03	-0.07	-0.27	-0.01	0.10	-0.03	-0.03	0.00
	0.98	0.41	0.29	0.22	0.30	-0.07	-0.01	-0.11	-0.07	-0.15	-0.31	-0.04	0.09	-0.03	0.00	0.04
	1.18	0.50	0.35	0.28	0.32	-0.07	-0.05	-0.17	-0.11	-0.21	-0.32	-0.02	0.12	0.01	0.06	0.10
	1.36	0.59	0.42	0.33	0.33	-0.07	-0.06	-0.22	-0.13	-0.22	-0.28	0.05	0.19	0.08	0.14	0.19
	1.39	0.67	0.47	0.34	0.30	-0.11	-0.10	-0.26	-0.13	-0.19	-0.20	0.14	0.28	0.16	0.21	0.26
	1.31	0.66	0.46	0.32	0.24	-0.11	-0.08	-0.23	-0.06	-0.10	-0.08	0.26	0.40	0.27	0.29	0.34
	1.06	0.62	0.44	0.28	0.20	-0.02	0.01	-0.11	0.07	0.04	0.09	0.40	0.53	0.39	0.41	0.45
	0.79	0.57	0.42	0.26	0.18	0.13	0.17	0.07	0.23	0.21	0.28	0.55	0.65	0.51	0.51	0.54
	0.61	0.54	0.42	0.28	0.22	0.29	0.36	0.26	0.40	0.37	0.46	0.67	0.76	0.61	0.59	0.60
	0.38	0.53	0.44	0.31	0.28	0.40	0.49	0.38	0.47	0.44	0.54	0.70	0.78	0.62	0.58	0.57
	0.09	0.52	0.45	0.33	0.31	0.43	0.53	0.41	0.46	0.44	0.55	0.65	0.72	0.55	0.52	0.49
	-0.09	0.52	0.45	0.34	0.32	0.42	0.51	0.38	0.40	0.40	0.49	0.54	0.62	0.41	0.40	0.35
	-0.14	0.52	0.46	0.36	0.34	0.39	0.46	0.30	0.31	0.35	0.42	0.44	0.52	0.30	0.31	0.24
	-0.04	0.53	0.48	0.38	0.34	0.33	0.39	0.21	0.20	0.29	0.33	0.34	0.40	0.17	0.19	0.12
	0.09	0.55	0.50	0.41	0.36	0.29	0.33	0.14	0.10	0.22	0.24	0.24	0.29	0.06	0.08	0.01
	0.19	0.55	0.50	0.41	0.34	0.24	0.26	0.08	-0.01	0.13	0.12	0.13	0.16	-0.06	-0.04	-0.10
	0.34	0.54	0.50	0.41	0.30	0.18	0.18	0.01	-0.13	0.03	-0.01	0.01	0.03	-0.18	-0.16	-0.20
	0.51	0.53	0.50	0.41	0.25	0.07	0.08	-0.09	-0.26	-0.10	-0.16	-0.13	-0.11	-0.31	-0.30	-0.32
	0.71	0.50	0.47	0.37	0.16	-0.04	-0.04	-0.21	-0.40	-0.24	-0.31	-0.25	-0.22	-0.40	-0.39	-0.40
	0.81	0.47	0.43	0.30	0.06	-0.19	-0.19	-0.36	-0.54	-0.41	-0.48	-0.41	-0.35	-0.52	-0.50	-0.50
	0.75	0.42	0.37	0.23	-0.04	-0.32	-0.33	-0.49	-0.67	-0.55	-0.61	-0.55	-0.46	-0.61	-0.59	-0.58
	0.59	0.36	0.30	0.15	-0.12	-0.39	-0.42	-0.57	-0.75	-0.64	-0.67	-0.63	-0.51	-0.63	-0.62	-0.60
	0.33	0.30	0.24	0.08	-0.19	-0.44	-0.49	-0.62	-0.82	-0.68	-0.71	-0.69	-0.55	-0.65	-0.65	-0.63
	-0.02	0.26	0.18	0.01	-0.26	-0.45	-0.53	-0.64	-0.84	-0.68	-0.71	-0.71	-0.57	-0.66	-0.67	-0.65
	-0.27	0.23	0.17	-0.00	-0.29	-0.45	-0.54	-0.63	-0.82	-0.65	-0.68	-0.71	-0.58	-0.65	-0.69	-0.65
	-0.42	0.23	0.17	0.00	-0.29	-0.44	-0.53	-0.60	-0.78	-0.62	-0.65	-0.69	-0.59	-0.63	-0.68	-0.63
	-0.41	0.27	0.22	0.04	-0.25	-0.41	-0.51	-0.57	-0.74	-0.57	-0.63	-0.66	-0.59	-0.60	-0.67	-0.61
	-0.30	0.34	0.32	0.15	-0.13	-0.32	-0.42	-0.48	-0.62	-0.46	-0.54	-0.59	-0.55	-0.53	-0.61	-0.54
	-0.07	0.43	0.42	0.28	0.04	-0.17	-0.30	-0.36	-0.46	-0.31	-0.41	-0.48	-0.45	-0.40	-0.48	-0.43
	0.14	0.52	0.53	0.39	0.21	-0.00	-0.16	-0.21	-0.28	-0.15	-0.24	-0.34	-0.33	-0.26	-0.32	-0.30
	0.31	0.60	0.63	0.51	0.39	0.21	0.02	-0.01	-0.04	0.07	-0.02	-0.15	-0.15	-0.08	-0.14	-0.14
	0.53	0.68	0.74	0.67	0.60	0.49	0.29	0.29	0.27	0.34	0.25	0.09	0.10	0.15	0.08	0.08
	0.79	0.77	0.86	0.84	0.81	0.77	0.57	0.58	0.56	0.58	0.49	0.34	0.35	0.38	0.31	0.30
	1.03	0.86	0.95	0.99	0.98	0.98	0.79	0.82	0.81	0.77	0.68	0.57	0.59	0.61	0.54	0.52
	1.10	0.90	1.01	1.08	1.08	1.08	0.91	0.94	0.92	0.84	0.75	0.70	0.74	0.75	0.69	0.68
	0.93	0.92	1.03	1.14	1.16	1.10	0.92	0.95	0.91	0.80	0.73	0.75	0.79	0.82	0.76	0.77
	0.75	0.95	1.05	1.20	1.20	1.08	0.90	0.92	0.87	0.75	0.70	0.79	0.84	0.89	0.84	0.85
	0.59	0.96	1.05	1.21	1.20	1.03	0.83	0.86	0.80	0.66	0.65	0.83	0.89	0.95	0.90	0.93
	0.35	0.97	1.06	1.19	1.17	0.93	0.74	0.77	0.70	0.56	0.59	0.84	0.89	0.97	0.93	0.96
	0.23	0.99	1.08	1.16	1.13	0.81	0.64	0.66	0.59	0.46	0.54	0.80	0.82	0.92	0.86	0.90
	0.19	1.02	1.11	1.15	1.09	0.78	0.64	0.64	0.58	0.49	0.59	0.77	0.77	0.84	0.78	0.82
	0.15	1.05	1.14	1.13	1.07	0.85	0.74	0.73	0.66	0.60	0.69	0.69	0.67	0.73	0.65	0.68
	0.15	1.06	1.16	1.13	1.07	0.94	0.83	0.80	0.71	0.68	0.73	0.51	0.46	0.51	0.42	0.44
	0.07	1.08	1.19	1.18	1.13	1.09	0.96	0.89	0.74	0.71	0.71	0.24	0.19	0.24	0.12	0.12
	0.01	1.12	1.25	1.27	1.21	1.19	1.05	0.93	0.74	0.68	0.63	-0.20	-0.24	-0.19	-0.32	-0.33
	0.04	1.20	1.34	1.37	1.28	1.26	1.11	0.93	0.72	0.65	0.55	-0.71	-0.74	-0.67	-0.81	-0.83
	0.21	1.31	1.44	1.45	1.33	1.21	1.05	0.86	0.64	0.58	0.44	-1.21	-1.22	-1.14	-1.29	-1.30
	0.49	1.45	1.55	1.53	1.38	1.14	0.98	0.79	0.59	0.53	0.37	-1.26	-1.26	-1.18	-1.32	-1.32
	0.75	1.55	1.60	1.54	1.37	1.02	0.86	0.70	0.52	0.43	0.24	-1.46	-1.46	-1.38	-1.50	-1.48
	0.97	1.64	1.63	1.55	1.37	0.88	0.70	0.54	0.38	0.28	0.06	-1.62	-1.62	-1.54	-1.65	-1.62
	1.05	1.69	1.66	1.55	1.39	0.72	0.55	0.40	0.24	0.12	-0.10	-1.40	-1.41	-1.36	-1.47	-1.43
